timestamp,0,1,2,3,4,5,6,7,8,9,10,11,12,13,14,15,16,17,18,19,20,21,22,23,24,25,26,27,28,29,30,31,32,33,34,35,36,37,38,39,40,41,42,43,44,45,46,47,48,49,50,51,52,53,54,55,56,57,58,59,60,61,62,63,64,65,66,67,68,69,70,71,72,73,74,75,76,77,78,79,80,81,82,83,84,85,86,87,88,89,90,91,92,93,94,95,96,97,98,99
2011-11-01 00:00:00,0.482,0.283,1.035,0.338,0.708,0.112,0.333,0.257,0.305,0.568,-0.061,0.396,0.138,0.073,-0.124,0.188,0.197,-0.263,0.160,1.602,0.072,0.559,0.326,0.293,0.638,0.720,0.417,-0.061,0.878,0.554,0.245,0.165,1.481,0.585,0.000,0.632,0.484,0.493,0.443,0.683,0.785,0.574,0.140,1.412,1.103,1.212,0.466,0.660,0.695,0.481,0.443,1.050,0.505,0.351,0.221,0.198,0.350,0.753,0.290,0.167,0.238,0.509,0.206,0.506,0.505,-0.052,0.089,0.750,0.406,0.271,-0.033,0.480,0.721,1.036,0.603,0.325,0.457,0.179,0.246,0.474,0.343,0.469,0.398,0.339,0.415,0.719,1.364,0.898,1.501,0.315,0.829,0.188,0.698,0.282,0.371,0.674,0.119,0.315,1.012,0.054
2011-11-01 01:00:00,0.365,0.029,0.732,0.271,0.422,0.163,0.279,0.205,0.342,0.461,-0.055,0.443,0.055,0.019,-0.110,0.179,0.195,-0.107,0.167,1.592,0.071,0.343,0.121,0.246,0.304,0.639,0.412,-0.044,0.755,0.511,0.224,0.234,1.417,0.456,0.000,0.603,0.449,0.437,0.399,0.679,0.604,0.619,0.156,1.291,1.067,0.903,0.426,0.629,0.601,0.306,0.411,0.965,0.492,0.275,0.224,0.203,0.216,0.684,0.184,0.128,0.170,0.491,0.275,0.394,0.478,-0.018,0.120,0.713,0.400,0.121,0.021,0.428,0.715,0.981,0.495,0.320,0.410,0.145,0.235,0.373,0.348,0.442,0.317,0.328,0.404,0.571,1.044,0.732,1.457,0.307,0.726,0.200,0.695,0.237,0.309,0.635,0.151,0.322,0.749,-0.051
2011-11-01 02:00:00,0.151,-0.003,0.494,0.250,0.448,0.155,0.154,0.171,0.287,0.269,0.008,0.394,0.049,-0.038,-0.145,0.286,0.190,-0.307,0.164,1.377,0.062,0.368,0.120,0.205,0.081,0.576,0.467,-0.097,0.579,0.522,0.293,0.137,1.078,0.413,0.000,0.561,0.413,0.359,0.355,0.560,0.512,0.573,0.235,0.904,1.056,0.779,0.399,0.647,0.458,0.250,0.394,0.892,0.506,0.188,0.229,0.204,0.198,0.576,0.162,0.087,0.177,0.492,0.297,0.328,0.329,-0.144,0.116,0.510,0.290,-0.035,0.024,0.280,0.695,0.945,0.447,0.287,0.382,0.127,0.228,0.270,0.350,0.376,0.325,0.283,0.345,0.458,0.775,0.579,1.226,0.302,0.644,0.209,0.667,0.234,0.298,0.611,0.133,0.320,0.497,-0.146
2011-11-01 03:00:00,0.187,0.044,0.477,0.288,0.467,-0.024,0.144,0.152,0.323,0.197,0.134,0.349,-0.019,-0.067,-0.164,0.182,0.183,-0.273,0.155,1.351,0.052,0.738,0.017,0.174,-0.205,0.356,0.485,-0.047,0.065,0.532,0.330,0.103,1.144,0.410,0.000,0.257,0.316,0.330,0.438,0.535,0.443,0.587,0.189,0.572,1.004,0.571,0.362,0.617,0.440,0.078,0.346,0.831,0.477,0.194,0.231,0.190,0.168,0.791,0.121,0.040,0.171,0.499,0.294,0.263,0.119,-0.213,0.119,0.654,0.247,-0.025,-0.050,0.130,0.714,0.911,0.294,0.256,0.423,0.145,0.218,0.189,0.373,0.312,0.372,0.298,0.289,0.421,0.588,0.563,1.208,0.278,0.554,0.216,0.510,0.258,0.286,0.536,0.132,0.329,0.381,0.059
2011-11-01 04:00:00,0.322,0.091,0.620,0.226,0.311,0.126,0.264,0.156,0.244,0.506,0.199,0.346,0.050,-0.042,-0.060,0.170,0.181,-0.198,0.149,1.562,0.046,0.730,0.084,0.284,-0.135,0.561,0.850,0.138,0.187,0.648,0.406,0.151,1.347,0.381,0.000,0.194,0.268,0.269,0.395,0.561,0.402,0.561,0.124,0.343,0.977,0.434,0.438,0.715,0.397,0.209,0.358,0.784,0.430,0.196,0.297,0.184,0.191,0.789,0.093,0.114,0.206,0.493,0.290,0.252,0.053,-0.055,0.197,0.462,0.284,0.094,-0.032,0.073,0.618,0.825,0.346,0.211,0.639,0.145,0.219,0.215,0.391,0.273,0.378,0.296,0.299,0.514,0.520,0.526,1.171,0.218,0.676,0.248,0.551,0.278,0.275,0.503,0.147,0.282,0.220,0.786
2011-11-01 05:00:00,0.093,0.053,0.726,0.326,0.157,-0.022,0.022,0.037,0.142,0.231,0.102,0.283,-0.051,-0.163,-0.210,0.260,0.171,-0.338,0.128,1.460,0.035,0.732,0.024,0.299,-0.425,0.013,0.723,-0.115,-0.032,0.620,0.510,0.026,1.452,0.385,0.000,0.097,0.184,0.250,0.405,0.621,0.355,0.437,0.036,0.284,0.971,0.386,0.505,0.699,0.308,0.207,0.431,0.718,0.359,0.199,0.283,0.166,0.274,0.662,0.002,0.051,0.170,0.486,0.370,0.173,-0.031,-0.242,0.237,0.257,0.191,-0.048,-0.137,0.020,0.614,0.784,0.317,0.252,0.805,0.161,0.199,0.165,0.326,0.247,0.299,0.258,0.318,0.523,0.376,0.507,1.117,0.121,0.602,0.241,0.496,0.306,0.281,0.414,0.198,0.279,0.195,1.012
2011-11-01 06:00:00,0.227,0.203,1.010,0.360,0.197,-0.002,0.150,-0.017,-0.107,0.105,0.417,0.206,-0.015,-0.159,-0.075,0.187,0.175,-0.319,0.116,1.798,0.024,0.751,0.077,0.472,-0.645,0.188,0.619,-0.032,-0.256,0.681,0.518,0.111,1.410,0.429,0.000,0.172,0.186,0.238,0.453,0.613,0.398,0.371,0.018,0.434,0.959,0.316,0.630,0.730,0.360,0.192,0.418,0.719,0.367,0.213,0.350,0.216,0.413,1.026,0.094,0.265,0.186,0.747,0.632,0.224,0.289,-0.226,0.424,0.251,0.261,-0.045,-0.138,-0.038,0.597,0.736,0.526,0.275,0.911,0.162,0.189,0.161,0.262,0.300,0.321,0.271,0.395,0.747,0.348,0.554,1.018,0.073,0.651,0.246,0.502,0.326,0.325,0.324,0.251,0.364,0.329,0.449
2011-11-01 07:00:00,0.543,-0.001,1.592,0.419,0.502,-0.012,0.255,-0.015,-0.326,0.281,0.283,0.172,0.124,-0.127,0.034,-0.022,0.193,-0.071,0.083,2.138,0.035,0.665,0.251,0.659,-0.376,0.618,1.003,0.029,0.211,0.759,0.596,0.178,1.309,0.541,0.000,0.257,0.227,0.251,0.461,0.509,0.576,0.425,0.071,0.864,1.000,0.215,0.690,0.708,0.387,0.335,0.499,0.690,0.453,0.265,0.326,0.308,0.547,1.588,0.086,0.185,0.238,0.839,0.704,0.248,0.741,-0.111,0.735,0.098,0.334,0.150,0.080,-0.041,0.600,0.702,0.472,0.221,0.994,0.174,0.164,0.219,0.233,0.312,0.344,0.321,0.424,0.951,0.446,0.580,1.234,0.040,0.754,0.282,0.694,0.430,0.384,0.339,0.318,0.321,0.402,0.350
2011-11-01 08:00:00,0.467,0.076,1.587,0.554,0.500,0.021,0.196,0.005,-0.172,0.276,0.259,0.085,0.037,-0.170,-0.059,-0.027,0.187,-0.246,0.050,2.194,0.050,0.672,0.436,0.585,-0.066,0.377,0.833,0.004,0.228,0.785,0.475,0.156,1.335,0.675,0.000,0.489,0.275,0.267,0.382,0.410,0.564,0.330,0.093,1.004,1.010,0.223,0.672,0.731,0.403,0.407,0.665,0.683,0.598,0.380,0.313,0.289,0.614,1.151,0.124,0.161,0.256,0.788,0.558,0.345,0.625,-0.118,0.719,0.004,0.335,0.196,0.001,-0.012,0.623,0.663,0.357,0.199,0.947,0.178,0.163,0.224,0.238,0.280,0.371,0.278,0.440,1.040,0.437,0.561,1.127,0.035,0.829,0.291,0.614,0.542,0.386,0.295,0.235,0.392,0.363,0.387
2011-11-01 09:00:00,0.647,0.083,1.883,0.690,0.340,0.049,0.321,0.047,0.019,0.250,0.696,0.137,0.106,-0.194,-0.065,-0.037,0.142,-0.198,0.074,2.095,0.059,0.868,0.483,0.504,0.140,0.516,0.904,0.311,0.106,0.816,0.320,0.263,1.566,0.802,0.000,0.586,0.294,0.345,0.352,0.415,0.623,0.423,0.113,0.953,1.094,0.326,0.745,0.705,0.375,0.498,0.715,0.689,0.612,0.578,0.265,0.291,0.561,0.589,0.065,0.162,0.313,0.555,0.345,0.478,0.317,0.155,0.678,0.194,0.412,0.314,0.219,0.027,0.572,0.613,0.304,0.234,1.004,0.183,0.147,0.231,0.266,0.253,0.294,0.341,0.476,1.349,0.542,0.559,1.250,0.083,0.942,0.258,0.693,0.585,0.384,0.280,0.200,0.468,0.421,0.183
2011-11-01 10:00:00,0.731,0.046,1.943,0.648,0.423,0.001,0.377,0.108,0.015,0.277,0.679,0.212,0.215,-0.156,-0.056,0.003,0.123,0.098,0.074,2.275,0.065,0.988,0.635,0.339,0.231,0.706,0.925,0.417,0.565,0.975,0.341,0.259,1.602,0.883,0.000,0.583,0.420,0.391,0.319,0.473,0.582,0.575,0.231,0.914,0.984,0.392,0.753,0.649,0.313,0.469,0.522,0.658,0.512,0.605,0.204,0.262,0.555,0.395,0.015,0.209,0.266,0.338,0.275,0.472,0.529,0.221,0.662,0.284,0.342,0.325,0.325,0.166,0.555,0.612,0.323,0.299,0.839,0.185,0.149,0.287,0.314,0.257,0.315,0.373,0.444,1.634,0.576,0.572,1.485,0.123,0.802,0.235,0.600,0.580,0.384,0.301,0.173,0.569,0.510,0.098
2011-11-01 11:00:00,0.833,0.218,1.907,0.653,0.654,0.150,0.401,0.163,-0.114,0.298,0.682,0.192,0.186,-0.127,0.010,0.186,0.124,0.308,0.026,2.336,0.067,0.942,0.787,0.313,0.320,0.875,1.198,0.460,0.491,1.079,0.418,0.329,1.739,0.991,0.000,0.682,0.566,0.556,0.296,0.624,0.554,0.846,0.394,0.986,0.822,0.421,0.654,0.645,0.299,0.458,0.495,0.627,0.416,0.462,0.174,0.236,0.605,0.451,-0.056,0.100,0.275,0.155,0.210,0.452,0.576,0.127,0.610,0.679,0.393,0.423,0.279,0.313,0.541,0.645,0.590,0.264,0.813,0.208,0.194,0.372,0.387,0.269,0.462,0.406,0.483,1.858,0.750,0.698,1.799,0.157,0.790,0.234,0.754,0.544,0.415,0.373,0.219,0.727,0.692,0.151
2011-11-01 12:00:00,0.959,0.338,2.042,0.647,0.439,0.274,0.357,0.152,0.051,0.263,0.643,0.252,0.222,-0.161,0.099,0.386,0.120,0.577,0.005,2.438,0.058,0.991,0.636,0.331,0.652,0.782,1.165,0.788,0.912,1.083,0.552,0.409,1.765,1.002,0.000,0.904,0.717,0.601,0.266,0.614,0.527,0.989,0.676,0.955,0.789,0.521,0.674,0.595,0.365,0.452,0.436,0.614,0.429,0.261,0.175,0.217,0.575,0.319,-0.095,0.076,0.263,0.192,0.104,0.402,0.505,0.173,0.570,0.917,0.532,0.384,0.454,0.381,0.527,0.782,0.517,0.199,0.663,0.237,0.205,0.361,0.435,0.236,0.499,0.392,0.495,1.861,0.746,0.807,1.909,0.174,0.744,0.258,0.870,0.577,0.412,0.382,0.183,0.791,0.697,0.123
2011-11-01 13:00:00,0.918,0.399,2.160,0.617,0.616,0.391,0.423,0.206,0.254,0.311,0.729,0.298,0.272,-0.150,0.281,0.584,0.106,0.798,0.023,2.481,0.069,1.399,0.641,0.570,0.407,1.015,1.299,0.957,1.068,1.197,0.656,0.457,2.000,1.079,0.000,1.395,0.844,0.678,0.207,0.624,0.697,1.148,0.931,0.853,0.884,0.550,0.680,0.698,0.406,0.311,0.364,0.627,0.462,0.141,0.243,0.203,0.585,0.459,-0.064,0.122,0.228,0.353,0.213,0.388,0.673,0.090,0.616,0.869,0.618,0.376,0.555,0.643,0.527,0.867,0.570,0.181,0.598,0.204,0.231,0.342,0.488,0.207,0.462,0.424,0.495,1.900,0.843,0.954,1.983,0.218,0.718,0.291,0.699,0.602,0.434,0.404,0.188,0.908,0.586,0.320
2011-11-01 14:00:00,1.152,0.545,1.491,0.450,0.832,0.564,0.572,0.259,0.365,0.321,0.832,0.296,0.306,-0.105,0.438,0.592,0.107,0.943,0.035,2.641,0.076,1.806,0.593,0.723,0.373,1.253,1.304,1.299,0.922,1.272,0.663,0.454,1.928,1.195,0.000,1.889,0.898,0.723,0.241,0.655,0.964,1.324,1.132,0.798,0.766,0.603,0.743,0.764,0.369,0.272,0.321,0.729,0.503,0.163,0.260,0.239,0.529,0.677,-0.007,0.149,0.193,0.553,0.246,0.381,0.881,0.115,0.725,1.134,0.747,0.537,0.601,0.758,0.526,1.059,0.545,0.191,0.689,0.176,0.257,0.325,0.561,0.218,0.536,0.471,0.519,1.837,0.976,0.899,1.957,0.258,0.741,0.310,0.899,0.577,0.524,0.436,0.176,1.062,0.490,0.596
2011-11-01 15:00:00,1.200,0.533,1.348,0.437,0.758,0.496,0.662,0.295,0.456,0.439,0.666,0.342,0.295,-0.089,0.570,0.563,0.105,1.180,0.043,2.766,0.088,1.859,0.408,0.883,0.358,1.313,1.477,1.390,1.154,1.292,0.739,0.492,1.832,1.344,0.000,1.923,0.954,0.773,0.320,0.863,1.233,1.393,1.319,0.823,0.742,0.793,0.798,0.752,0.389,0.353,0.234,0.795,0.479,0.191,0.263,0.294,0.539,0.914,0.091,0.230,0.167,0.684,0.281,0.354,1.002,0.186,0.788,1.036,0.804,0.637,0.710,0.853,0.535,1.182,0.813,0.246,0.836,0.218,0.264,0.400,0.571,0.235,0.664,0.512,0.612,2.001,1.242,1.035,2.067,0.292,0.791,0.328,0.773,0.558,0.654,0.553,0.216,1.170,0.499,1.071
2011-11-01 16:00:00,1.288,0.874,1.734,0.547,0.948,0.634,0.745,0.371,0.617,0.693,0.595,0.344,0.281,-0.034,0.661,0.729,0.106,1.178,0.041,2.969,0.106,2.034,0.519,1.301,0.704,1.551,1.521,1.056,1.145,1.415,0.756,0.531,1.940,1.380,0.000,1.678,0.859,0.844,0.385,1.056,1.522,1.444,1.300,0.765,0.898,0.792,0.809,0.766,0.398,0.388,0.190,0.885,0.491,0.190,0.342,0.380,0.559,0.715,0.120,0.220,0.147,0.605,0.545,0.417,1.222,0.289,0.821,0.967,0.994,0.791,0.759,0.883,0.579,1.359,0.919,0.294,1.247,0.268,0.312,0.481,0.544,0.259,0.674,0.559,0.676,1.966,1.533,1.338,2.058,0.314,0.874,0.343,0.915,0.581,0.826,0.664,0.237,1.146,0.685,1.152
2011-11-01 17:00:00,1.634,1.087,1.652,0.491,1.024,0.648,0.930,0.418,0.509,0.821,0.591,0.395,0.239,0.037,0.736,0.588,0.107,1.205,0.049,3.082,0.097,2.073,0.446,1.480,0.919,1.512,1.367,0.999,1.002,1.387,0.621,0.602,1.938,1.403,0.000,1.542,0.808,0.958,0.421,1.202,1.720,1.374,1.224,0.632,0.895,0.868,0.891,0.853,0.459,0.610,0.322,0.990,0.567,0.200,0.390,0.440,0.602,0.468,0.194,0.225,0.165,0.671,1.032,0.438,1.361,0.308,0.913,1.002,1.085,1.017,0.769,0.877,0.551,1.470,0.974,0.312,1.370,0.313,0.314,0.586,0.487,0.307,0.740,0.626,0.802,1.844,1.685,1.535,1.956,0.298,1.034,0.344,0.933,0.525,0.936,0.770,0.268,1.119,0.897,1.334
2011-11-01 18:00:00,1.522,0.704,1.567,0.508,1.252,0.525,0.997,0.426,0.389,0.968,0.311,0.440,0.308,0.116,0.824,0.514,0.155,1.189,0.112,3.193,0.116,2.030,0.617,1.640,1.210,1.444,1.194,0.932,1.280,1.363,0.562,0.639,1.874,1.315,0.000,1.318,0.682,0.929,0.534,1.262,1.829,1.239,1.009,0.572,1.017,0.920,0.952,0.953,0.543,0.802,0.497,1.080,0.673,0.268,0.429,0.486,0.587,1.231,0.268,0.309,0.170,0.788,1.085,0.484,1.973,0.401,1.000,0.813,1.009,1.068,0.697,0.899,0.548,1.448,1.093,0.304,1.498,0.346,0.345,0.730,0.397,0.362,0.726,0.615,0.870,1.740,1.771,1.560,1.714,0.258,1.081,0.338,1.252,0.515,0.961,0.797,0.249,1.011,1.009,2.038
2011-11-01 19:00:00,1.436,0.769,2.071,0.551,1.285,0.516,0.963,0.469,0.289,0.991,0.226,0.331,0.392,0.182,0.660,0.441,0.192,0.814,0.172,3.106,0.113,1.977,0.851,1.748,1.800,1.499,0.963,0.709,1.181,1.203,0.498,0.632,1.915,1.274,0.000,1.428,0.595,0.890,0.569,1.231,1.863,1.066,0.853,0.548,1.077,0.987,0.981,0.971,0.714,1.011,0.612,1.172,0.866,0.445,0.417,0.514,0.647,1.815,0.323,0.464,0.251,0.836,0.738,0.464,2.138,0.355,0.864,0.787,1.050,1.154,0.671,0.912,0.594,1.395,1.061,0.234,1.427,0.382,0.331,0.899,0.314,0.439,0.737,0.570,0.984,1.661,1.731,1.478,1.743,0.236,1.268,0.288,1.186,0.460,0.967,0.883,0.270,0.851,1.187,1.887
2011-11-01 20:00:00,1.456,0.600,2.537,0.606,1.241,0.442,1.030,0.515,0.435,0.993,0.307,0.370,0.378,0.244,0.483,0.271,0.203,0.554,0.182,2.779,0.100,1.618,1.012,1.642,2.399,1.469,0.988,0.668,1.463,1.013,0.521,0.716,2.000,1.289,0.000,1.484,0.543,0.852,0.597,1.246,1.919,0.895,0.749,0.698,1.235,1.095,0.900,1.028,0.949,0.885,0.630,1.233,0.914,0.490,0.403,0.475,0.560,1.469,0.406,0.543,0.281,0.942,0.535,0.720,1.853,0.495,0.689,0.643,0.988,1.253,0.632,0.924,0.679,1.413,1.023,0.188,1.381,0.437,0.352,0.819,0.245,0.481,0.788,0.579,1.069,1.456,1.785,1.410,1.858,0.247,1.262,0.252,1.036,0.512,0.913,1.042,0.289,0.759,1.380,1.205
2011-11-01 21:00:00,1.126,0.350,1.978,0.629,1.341,0.423,1.117,0.585,0.716,0.958,0.348,0.448,0.345,0.269,0.280,0.236,0.206,0.191,0.173,2.543,0.089,1.638,1.198,1.430,2.605,1.469,0.796,0.641,1.519,0.938,0.424,0.622,1.828,1.106,0.000,1.307,0.470,0.849,0.632,1.071,1.700,0.750,0.547,0.814,1.297,1.139,0.785,0.912,1.104,0.875,0.644,1.222,0.829,0.539,0.376,0.461,0.521,0.813,0.485,0.502,0.373,0.940,0.493,0.854,1.313,0.565,0.477,0.639,0.835,1.141,0.452,0.769,0.698,1.335,0.957,0.289,1.348,0.500,0.388,0.728,0.280,0.573,0.641,0.550,1.004,1.302,1.642,1.327,1.837,0.287,1.277,0.216,1.261,0.479,0.806,1.005,0.245,0.671,1.454,0.731
2011-11-01 22:00:00,0.842,0.241,1.441,0.565,1.255,0.157,0.797,0.490,0.705,0.776,0.334,0.444,0.273,0.185,0.051,0.189,0.198,-0.090,0.193,2.082,0.060,1.450,1.012,0.928,2.080,1.066,0.561,0.621,1.045,0.723,0.256,0.355,1.618,0.843,0.000,1.021,0.403,0.753,0.683,0.807,1.358,0.694,0.298,1.054,1.203,1.076,0.628,0.850,0.986,0.674,0.518,1.203,0.571,0.360,0.282,0.325,0.298,0.568,0.441,0.373,0.341,0.580,0.287,0.953,0.761,0.374,0.315,0.704,0.652,0.992,0.356,0.551,0.719,1.133,0.906,0.303,0.925,0.438,0.347,0.664,0.273,0.584,0.440,0.489,0.885,1.190,1.519,1.204,1.696,0.324,1.217,0.205,0.992,0.422,0.634,0.938,0.209,0.501,1.367,0.356
2011-11-01 23:00:00,0.676,0.137,1.540,0.423,1.049,0.165,0.695,0.395,0.636,0.788,0.117,0.460,0.320,0.199,0.015,0.153,0.199,-0.038,0.246,1.811,0.066,0.918,0.907,0.584,1.637,1.189,0.623,0.556,1.144,0.690,0.313,0.374,1.467,0.638,0.000,0.670,0.362,0.649,0.664,0.696,1.015,0.661,0.141,1.361,1.244,1.005,0.458,0.836,0.746,0.529,0.414,1.153,0.412,0.355,0.269,0.266,0.363,0.662,0.357,0.402,0.348,0.569,0.365,0.771,0.669,0.342,0.161,0.691,0.605,0.722,0.287,0.362,0.753,0.980,0.884,0.286,0.777,0.277,0.349,0.585,0.258,0.552,0.319,0.421,0.695,0.996,1.228,1.028,1.650,0.347,1.095,0.187,0.716,0.366,0.464,0.890,0.152,0.479,1.220,0.120
2011-11-02 00:00:00,0.462,0.099,1.128,0.346,0.804,0.170,0.349,0.260,0.410,0.619,0.023,0.379,0.139,0.078,-0.142,0.146,0.195,-0.164,0.218,1.544,0.056,0.135,0.417,0.256,0.891,0.975,0.501,0.301,0.885,0.651,0.240,0.180,1.417,0.471,0.000,0.651,0.309,0.480,0.532,0.640,0.657,0.618,0.145,1.563,1.108,0.814,0.404,0.761,0.539,0.412,0.420,0.992,0.336,0.405,0.206,0.197,0.290,0.867,0.265,0.311,0.279,0.501,0.270,0.830,0.473,0.055,0.084,0.639,0.512,0.243,0.062,0.172,0.758,0.818,0.680,0.253,0.479,0.172,0.297,0.432,0.254,0.488,0.280,0.359,0.522,0.861,0.937,0.772,1.414,0.369,0.989,0.200,0.423,0.290,0.345,0.726,0.115,0.424,1.006,-0.027
2011-11-02 01:00:00,0.390,0.029,0.767,0.285,0.503,0.087,0.398,0.204,0.304,0.386,-0.015,0.416,0.120,0.029,-0.102,0.208,0.191,-0.305,0.152,1.416,0.046,0.447,0.111,0.263,0.245,0.422,0.401,0.442,0.794,0.554,0.231,0.135,1.293,0.392,0.000,0.544,0.334,0.403,0.344,0.746,0.524,0.658,0.267,1.530,1.010,0.707,0.307,0.766,0.462,0.234,0.362,0.867,0.324,0.392,0.219,0.152,0.200,0.433,0.259,0.274,0.255,0.472,0.191,0.412,0.318,-0.026,0.118,0.692,0.405,0.065,0.077,0.066,0.782,0.694,0.425,0.214,0.492,0.144,0.275,0.306,0.288,0.453,0.258,0.332,0.418,0.680,0.764,0.659,1.398,0.353,0.894,0.184,0.353,0.256,0.289,0.648,0.135,0.404,0.781,-0.055
2011-11-02 02:00:00,0.133,-0.268,0.823,0.225,0.530,0.063,0.265,0.182,0.390,0.282,-0.148,0.401,0.008,0.005,-0.158,0.148,0.187,-0.127,0.151,1.312,0.053,0.218,0.043,0.224,-0.159,0.452,0.699,0.152,0.465,0.565,0.246,0.152,1.204,0.327,0.000,0.467,0.333,0.351,0.322,0.690,0.469,0.682,0.288,1.090,1.063,0.685,0.268,0.715,0.388,0.203,0.364,0.848,0.349,0.217,0.210,0.165,0.094,0.655,0.178,0.258,0.229,0.485,0.128,0.373,0.391,-0.120,0.219,0.471,0.237,0.004,0.140,0.099,0.808,0.753,0.354,0.232,0.399,0.179,0.281,0.267,0.330,0.400,0.264,0.336,0.317,0.355,0.613,0.606,1.283,0.309,0.832,0.224,0.088,0.271,0.261,0.606,0.155,0.401,0.556,-0.011
2011-11-02 03:00:00,0.092,-0.080,0.792,0.290,0.687,0.051,0.160,0.176,0.260,0.196,-0.077,0.306,-0.025,-0.039,-0.159,0.172,0.191,-0.329,0.162,1.338,0.044,0.174,0.092,0.213,-0.188,0.374,0.825,0.068,0.167,0.584,0.307,0.082,1.225,0.382,0.000,0.318,0.301,0.333,0.326,0.621,0.403,0.588,0.202,0.687,0.953,0.639,0.298,0.649,0.336,0.146,0.182,0.724,0.330,-0.040,0.224,0.071,0.071,0.628,0.059,0.079,0.191,0.270,0.198,0.302,0.143,-0.174,0.150,0.474,0.286,-0.040,-0.174,0.086,0.837,0.778,0.335,0.220,0.513,0.187,0.279,0.225,0.361,0.357,0.311,0.289,0.286,0.442,0.489,0.582,1.100,0.250,0.784,0.204,0.063,0.263,0.247,0.530,0.161,0.432,0.397,0.159
2011-11-02 04:00:00,0.377,0.164,0.825,0.326,0.615,0.045,0.198,0.180,0.222,0.288,-0.006,0.338,-0.004,-0.066,-0.095,0.088,0.184,-0.173,0.148,1.477,0.028,0.825,-0.001,0.437,-0.163,0.410,0.848,0.158,0.100,0.686,0.277,0.121,1.398,0.348,0.000,0.169,0.277,0.275,0.312,0.633,0.358,0.627,0.201,0.456,0.973,0.571,0.455,0.752,0.444,0.170,0.178,0.721,0.403,0.096,0.386,0.143,0.271,0.478,0.146,0.294,0.186,0.436,0.335,0.215,0.024,-0.120,0.272,0.477,0.323,0.111,-0.080,0.103,0.866,0.749,0.491,0.202,0.509,0.189,0.256,0.185,0.324,0.333,0.408,0.297,0.292,0.519,0.394,0.597,0.949,0.202,0.810,0.245,0.226,0.316,0.243,0.459,0.175,0.343,0.301,0.884
2011-11-02 05:00:00,0.294,0.082,0.805,0.372,0.627,0.067,0.314,0.160,0.144,0.268,0.018,0.293,0.068,-0.046,-0.017,0.172,0.182,-0.260,0.133,1.600,0.029,0.770,0.226,0.545,-0.097,0.373,0.793,0.096,0.175,0.825,0.238,0.173,1.533,0.389,0.000,0.105,0.222,0.190,0.343,0.632,0.350,0.594,0.148,0.399,1.011,0.454,0.460,0.602,0.402,0.225,0.340,0.599,0.275,0.258,0.313,0.170,0.212,0.699,0.021,0.133,0.166,0.404,0.238,0.213,0.242,-0.071,0.297,0.187,0.396,0.037,-0.064,0.077,0.899,0.639,0.425,0.208,0.669,0.162,0.269,0.088,0.253,0.345,0.628,0.292,0.238,0.489,0.365,0.638,0.789,0.129,0.877,0.273,0.276,0.377,0.253,0.394,0.238,0.318,0.305,1.168
2011-11-02 06:00:00,0.375,0.037,0.948,0.385,0.689,0.036,0.271,0.081,-0.117,0.221,-0.052,0.214,0.101,-0.111,-0.092,0.049,0.192,-0.261,0.117,2.012,0.045,0.628,0.209,0.535,-0.222,0.315,0.746,0.034,-0.092,0.812,0.390,0.138,1.585,0.371,0.000,0.101,0.192,0.155,0.426,0.739,0.482,0.489,0.117,0.626,1.028,0.342,0.518,0.707,0.405,0.289,0.389,0.591,0.387,0.211,0.353,0.187,0.437,0.971,0.142,0.450,0.162,0.636,0.587,0.354,0.337,-0.152,0.417,0.264,0.355,0.121,-0.114,-0.046,0.800,0.744,0.346,0.190,0.773,0.201,0.233,0.111,0.260,0.371,0.540,0.281,0.384,0.844,0.363,0.676,0.725,0.070,0.788,0.398,0.333,0.349,0.316,0.348,0.315,0.347,0.334,0.527
2011-11-02 07:00:00,0.380,-0.015,1.426,0.413,0.797,0.025,0.185,0.036,-0.209,0.338,0.029,0.100,0.130,-0.133,-0.076,0.029,0.191,-0.278,0.090,2.005,0.043,0.482,0.351,0.646,-0.066,0.508,0.760,-0.040,0.258,0.866,0.469,0.276,1.418,0.431,0.000,0.356,0.184,0.157,0.419,0.574,0.576,0.486,0.138,1.072,1.025,0.266,0.651,0.785,0.279,0.430,0.454,0.591,0.601,0.205,0.297,0.323,0.595,1.285,0.087,0.396,0.196,0.770,0.522,0.156,0.473,-0.148,0.616,0.144,0.422,0.153,-0.149,0.040,0.559,0.767,0.307,0.151,0.886,0.267,0.267,0.189,0.206,0.395,0.451,0.315,0.493,1.007,0.453,0.684,0.806,0.033,0.963,0.350,0.445,0.401,0.437,0.369,0.346,0.290,0.432,0.307
2011-11-02 08:00:00,0.517,0.128,1.952,0.527,0.984,0.037,0.247,0.087,-0.106,0.265,0.289,0.085,0.222,-0.157,-0.026,0.013,0.172,-0.274,0.047,2.108,0.047,0.765,0.449,0.850,0.143,0.502,0.723,-0.116,0.318,0.824,0.511,0.362,1.293,0.494,0.000,0.493,0.146,0.215,0.375,0.474,0.547,0.458,0.107,1.157,1.008,0.307,0.755,0.706,0.250,0.602,0.404,0.498,0.615,0.346,0.239,0.247,0.665,0.871,0.190,0.544,0.211,0.675,0.445,0.409,0.477,-0.038,0.603,0.151,0.514,0.222,0.055,0.103,0.019,0.748,0.324,0.113,0.943,0.216,0.236,0.201,0.196,0.372,0.467,0.299,0.438,1.052,0.445,0.669,0.824,0.018,0.907,0.314,0.638,0.492,0.426,0.372,0.319,0.282,0.431,0.287
2011-11-02 09:00:00,0.501,0.097,2.026,0.506,1.035,0.071,0.344,0.140,0.139,0.139,0.463,0.150,0.266,-0.130,-0.026,0.001,0.141,-0.067,0.033,2.204,0.049,0.736,0.380,0.831,0.334,0.432,0.699,-0.069,0.633,0.897,0.402,0.404,1.264,0.505,0.000,0.541,0.152,0.302,0.330,0.472,0.549,0.640,0.068,1.093,1.052,0.344,0.744,0.676,0.284,0.590,0.559,0.520,0.527,0.475,0.206,0.299,0.667,0.451,0.101,0.497,0.230,0.436,0.212,0.284,0.355,0.250,0.617,0.194,0.512,0.317,0.301,0.065,0.008,0.739,0.468,0.088,0.975,0.200,0.271,0.200,0.280,0.355,0.357,0.294,0.486,1.647,0.531,0.661,0.973,0.045,0.984,0.264,0.436,0.624,0.414,0.357,0.275,0.325,0.512,0.111
2011-11-02 10:00:00,0.465,0.076,2.045,0.412,1.044,0.048,0.339,0.184,0.125,0.108,0.403,0.202,0.335,-0.154,-0.019,0.072,0.123,0.083,0.038,2.150,0.052,0.762,0.343,0.676,0.282,0.399,0.566,-0.014,0.619,0.887,0.359,0.375,1.183,0.539,0.000,0.557,0.207,0.396,0.328,0.505,0.507,0.716,0.173,0.901,0.938,0.332,0.741,0.567,0.245,0.575,0.483,0.485,0.430,0.470,0.156,0.262,0.681,0.409,0.015,0.673,0.215,0.360,0.298,0.337,0.446,0.298,0.550,0.404,0.343,0.303,0.387,0.137,0.010,0.712,0.497,0.073,0.913,0.163,0.227,0.174,0.402,0.318,0.261,0.279,0.495,1.798,0.571,0.596,1.019,0.077,0.837,0.240,0.358,0.582,0.335,0.309,0.210,0.395,0.509,0.064
2011-11-02 11:00:00,0.530,0.351,1.962,0.345,0.976,0.124,0.302,0.201,0.122,0.230,0.560,0.235,0.313,-0.158,0.023,0.302,0.116,0.424,0.042,2.319,0.073,0.924,0.327,0.627,0.336,0.332,0.398,-0.040,0.876,0.919,0.410,0.324,1.267,0.623,0.000,0.882,0.283,0.552,0.289,0.683,0.451,0.985,0.359,0.969,0.843,0.336,0.669,0.601,0.272,0.371,0.475,0.452,0.472,0.460,0.173,0.223,0.752,0.547,-0.038,0.564,0.185,0.232,0.273,0.362,0.431,0.228,0.561,0.846,0.396,0.305,0.377,0.263,-0.003,0.774,0.446,0.106,0.819,0.162,0.259,0.178,0.457,0.288,0.262,0.250,0.511,2.086,0.603,0.610,1.270,0.147,0.799,0.242,0.432,0.520,0.374,0.318,0.200,0.504,0.742,0.198
2011-11-02 12:00:00,0.746,0.492,1.654,0.426,1.079,0.259,0.374,0.241,0.052,0.396,0.571,0.263,0.378,-0.127,0.196,0.432,0.112,0.752,0.038,2.432,0.093,0.723,0.394,0.628,0.459,0.665,0.615,0.250,1.090,1.022,0.551,0.291,1.343,0.740,0.000,1.347,0.390,0.651,0.296,0.679,0.560,1.209,0.769,0.973,0.914,0.432,0.701,0.594,0.261,0.293,0.424,0.493,0.452,0.292,0.149,0.262,0.688,0.329,-0.047,0.605,0.212,0.296,0.149,0.261,0.608,0.105,0.685,0.956,0.489,0.298,0.566,0.398,-0.010,0.946,0.467,0.099,0.790,0.185,0.270,0.182,0.535,0.300,0.305,0.313,0.552,2.462,0.715,0.669,1.497,0.205,0.769,0.288,0.552,0.503,0.398,0.360,0.215,0.658,0.827,0.271
2011-11-02 13:00:00,0.807,0.575,1.419,0.532,1.246,0.365,0.449,0.274,0.278,0.306,0.605,0.331,0.488,-0.124,0.324,0.600,0.112,1.029,0.032,2.610,0.090,1.214,0.378,0.805,0.462,0.700,0.620,0.503,1.523,1.146,0.718,0.310,1.315,0.884,0.000,1.701,0.514,0.718,0.274,0.670,0.667,1.390,1.165,0.909,0.884,0.708,0.690,0.649,0.268,0.236,0.416,0.481,0.400,0.136,0.137,0.220,0.507,0.584,0.004,0.471,0.169,0.294,0.215,0.342,0.613,0.099,0.748,1.137,0.638,0.388,0.765,0.568,-0.018,1.075,0.445,0.099,0.837,0.163,0.324,0.186,0.636,0.293,0.353,0.316,0.542,2.496,0.808,0.726,1.704,0.251,0.727,0.344,0.548,0.558,0.441,0.418,0.247,0.779,0.842,0.415
2011-11-02 14:00:00,1.061,0.557,1.463,0.495,1.401,0.547,0.699,0.363,0.520,0.389,0.855,0.355,0.513,-0.048,0.533,0.639,0.105,1.156,0.037,2.830,0.089,1.643,0.467,1.082,0.404,1.072,0.872,0.784,1.436,1.244,0.801,0.443,1.316,0.905,0.000,1.847,0.568,0.864,0.305,0.715,0.927,1.509,1.351,0.880,0.811,0.922,0.803,0.735,0.209,0.204,0.281,0.563,0.411,0.061,0.212,0.290,0.573,0.520,0.002,0.493,0.190,0.296,0.247,0.303,0.903,0.166,0.905,1.197,0.801,0.728,0.804,0.688,-0.028,1.240,0.624,0.117,0.840,0.172,0.331,0.228,0.764,0.297,0.416,0.385,0.600,2.550,0.925,0.792,1.820,0.304,0.789,0.357,0.544,0.599,0.503,0.500,0.245,0.954,0.739,0.706
2011-11-02 15:00:00,1.064,0.556,1.553,0.800,1.501,0.503,0.689,0.411,0.637,0.633,0.737,0.401,0.532,-0.046,0.600,0.696,0.108,1.325,0.037,2.934,0.099,1.737,0.477,1.169,0.548,1.149,1.221,0.926,1.559,1.228,0.795,0.498,1.315,0.959,0.000,1.910,0.631,0.951,0.367,0.808,1.261,1.567,1.470,0.925,0.778,1.036,0.948,0.754,0.221,0.255,0.240,0.674,0.457,0.109,0.199,0.283,0.564,0.588,0.158,0.447,0.179,0.435,0.292,0.422,1.006,0.251,0.840,1.067,1.037,0.721,0.778,0.854,-0.022,1.402,0.734,0.147,0.918,0.229,0.350,0.315,0.773,0.295,0.483,0.471,0.770,2.694,1.011,0.894,1.963,0.333,0.824,0.377,0.606,0.605,0.582,0.596,0.279,1.071,0.604,1.230
2011-11-02 16:00:00,1.245,0.851,1.561,1.069,1.573,0.660,0.885,0.470,0.774,0.906,0.869,0.416,0.548,0.018,0.753,0.708,0.106,1.331,0.039,3.070,0.095,2.063,0.569,1.458,0.451,1.263,1.199,1.132,1.464,1.314,0.736,0.623,1.514,1.136,0.000,2.006,0.695,0.994,0.368,1.218,1.490,1.657,1.444,0.877,0.874,1.062,0.928,0.827,0.310,0.347,0.283,0.731,0.451,0.240,0.261,0.393,0.585,0.678,0.177,0.410,0.205,0.522,0.326,0.367,1.218,0.280,0.800,1.210,1.358,0.962,0.864,1.001,-0.055,1.545,0.853,0.189,0.942,0.316,0.353,0.398,0.738,0.372,0.623,0.587,0.887,2.590,1.135,1.122,1.996,0.323,1.181,0.334,0.530,0.625,0.770,0.731,0.263,1.122,0.722,1.350
2011-11-02 17:00:00,1.626,0.923,1.596,1.135,1.734,0.677,1.072,0.494,0.679,1.072,0.656,0.524,0.475,0.123,0.885,0.636,0.125,1.497,0.057,3.482,0.060,2.295,0.612,1.657,0.657,1.316,1.712,1.081,1.672,1.358,0.585,0.710,1.755,1.145,0.000,2.018,0.721,1.063,0.455,1.454,1.631,1.588,1.304,0.872,0.923,1.157,1.049,0.861,0.555,0.658,0.380,0.839,0.507,0.184,0.307,0.442,0.597,0.988,0.339,0.581,0.231,0.793,0.687,0.462,1.655,0.377,0.966,1.116,1.608,1.148,0.968,1.071,0.017,1.635,1.016,0.181,1.091,0.393,0.387,0.551,0.633,0.455,0.813,0.635,0.988,2.785,1.259,1.360,2.069,0.284,1.237,0.358,0.768,0.632,0.880,0.872,0.302,1.085,0.967,1.496
2011-11-02 18:00:00,1.593,0.779,1.511,0.927,1.701,0.613,1.135,0.509,0.526,1.289,0.444,0.531,0.376,0.193,0.884,0.486,0.152,1.315,0.098,3.270,0.058,2.007,0.780,1.638,0.747,1.142,1.331,0.906,1.711,1.285,0.607,0.720,1.647,1.080,0.000,1.805,0.689,1.067,0.550,1.379,1.675,1.349,1.125,0.839,0.943,1.223,0.967,1.000,0.782,0.736,0.454,0.899,0.573,0.220,0.334,0.469,0.568,1.073,0.385,0.455,0.235,0.914,0.711,0.443,2.217,0.347,0.874,0.899,1.592,1.110,0.790,1.075,0.762,1.656,1.046,0.156,1.154,0.456,0.416,0.640,0.517,0.466,0.870,0.675,1.033,2.690,1.299,1.398,2.013,0.236,1.330,0.324,1.030,0.664,0.999,0.958,0.284,0.928,1.122,2.134
2011-11-02 19:00:00,1.548,0.639,1.475,0.905,1.779,0.668,1.097,0.537,0.417,1.271,0.386,0.507,0.421,0.225,0.759,0.394,0.190,0.914,0.154,3.330,0.060,1.627,1.056,1.652,1.300,1.230,1.376,0.683,1.666,1.186,0.641,0.699,1.744,1.002,0.000,1.620,0.608,1.072,0.573,1.268,1.750,1.170,0.889,0.890,1.056,1.286,1.006,1.072,0.926,0.997,0.518,1.007,0.720,0.315,0.379,0.529,0.690,1.387,0.427,0.803,0.277,1.039,0.636,0.467,2.337,0.383,0.868,0.977,1.514,1.253,0.754,0.981,0.787,1.620,0.995,0.171,1.172,0.493,0.387,0.783,0.456,0.511,0.780,0.667,1.023,1.925,1.330,1.344,2.097,0.233,1.600,0.298,1.028,0.615,1.011,0.959,0.303,0.855,1.323,1.866
2011-11-02 20:00:00,1.533,0.660,1.519,0.801,1.682,0.510,1.140,0.581,0.531,1.047,0.413,0.526,0.502,0.277,0.568,0.262,0.188,0.625,0.178,2.842,0.066,1.613,1.235,1.557,1.841,1.086,1.049,0.732,1.898,1.030,0.670,0.776,1.841,0.970,0.000,1.433,0.539,1.041,0.608,1.137,1.765,0.932,0.753,0.967,1.145,1.354,0.902,0.995,1.004,0.975,0.560,1.100,0.650,0.410,0.350,0.433,0.615,1.201,0.435,0.626,0.323,0.911,0.637,0.655,1.963,0.403,0.659,0.807,1.294,1.252,0.603,0.851,0.846,1.554,0.999,0.205,1.267,0.462,0.388,0.820,0.374,0.523,0.706,0.673,0.949,1.834,1.360,1.328,2.065,0.258,1.651,0.248,0.995,0.623,1.008,1.026,0.281,0.713,1.573,1.156
2011-11-02 21:00:00,1.188,0.354,1.507,0.683,1.566,0.529,1.120,0.614,0.735,1.061,0.368,0.574,0.384,0.304,0.387,0.269,0.198,0.294,0.175,2.536,0.092,1.354,1.410,1.323,2.229,0.962,0.986,0.828,1.720,0.977,0.552,0.728,2.015,0.879,0.000,1.376,0.480,0.973,0.649,1.052,1.641,0.840,0.530,0.972,1.218,1.384,0.829,1.039,1.077,1.028,0.631,1.154,0.643,0.720,0.446,0.539,0.651,0.829,0.565,0.619,0.387,1.005,0.721,0.661,1.423,0.520,0.473,0.745,1.026,1.223,0.474,0.751,0.890,1.347,0.949,0.240,1.035,0.478,0.416,0.778,0.361,0.567,0.575,0.599,0.803,1.716,1.372,1.249,2.208,0.309,1.666,0.217,1.001,0.594,0.879,1.061,0.243,0.616,1.739,0.813
2011-11-02 22:00:00,0.831,0.297,1.327,0.477,1.256,0.342,0.896,0.549,0.777,0.851,0.373,0.600,0.378,0.242,0.151,0.324,0.193,0.024,0.170,2.088,0.091,1.176,1.198,0.882,1.974,0.732,0.750,1.005,1.460,0.800,0.323,0.562,1.862,0.648,0.000,1.089,0.389,0.869,0.695,0.837,1.366,0.831,0.304,0.983,1.243,1.325,0.671,0.958,0.967,1.003,0.578,1.237,0.528,0.511,0.334,0.356,0.419,0.875,0.661,0.485,0.388,0.978,0.408,0.822,0.764,0.467,0.241,0.870,0.763,1.009,0.432,0.590,0.879,1.234,0.841,0.225,0.911,0.374,0.343,0.696,0.357,0.576,0.525,0.531,0.748,1.287,1.302,1.064,2.124,0.365,1.295,0.203,0.911,0.485,0.686,0.978,0.213,0.494,1.609,0.374
2011-11-02 23:00:00,0.556,0.179,1.207,0.307,1.180,0.202,0.698,0.448,0.668,0.737,0.187,0.591,0.260,0.214,0.024,0.318,0.196,0.075,0.172,1.815,0.091,0.800,0.960,0.560,1.409,0.798,0.676,1.026,1.294,0.762,0.292,0.460,1.617,0.479,0.000,0.951,0.344,0.679,0.662,0.725,0.986,0.791,0.212,1.194,1.214,1.114,0.467,0.856,0.735,0.698,0.590,1.124,0.397,0.472,0.279,0.291,0.279,0.522,0.412,0.188,0.349,0.816,0.241,0.547,0.710,0.220,0.164,0.750,0.606,0.700,0.336,0.424,0.894,1.087,0.804,0.237,0.668,0.232,0.358,0.604,0.348,0.546,0.394,0.465,0.643,0.924,1.263,0.924,2.177,0.379,1.081,0.194,0.774,0.403,0.498,0.918,0.159,0.392,1.299,0.179
2011-11-03 00:00:00,0.418,0.164,0.981,0.199,1.027,0.187,0.547,0.338,0.504,0.659,0.090,0.551,0.091,0.173,-0.048,0.312,0.194,-0.098,0.168,1.676,0.069,0.442,0.648,0.359,0.871,0.752,0.537,0.822,1.108,0.712,0.227,0.333,1.501,0.367,0.000,0.693,0.334,0.566,0.535,0.669,0.669,0.757,0.283,1.391,1.161,0.968,0.397,0.801,0.591,0.534,0.517,1.097,0.405,0.372,0.313,0.190,0.240,0.828,0.355,0.464,0.296,0.951,0.305,0.575,0.580,0.077,0.132,0.855,0.527,0.308,0.109,0.355,0.879,0.935,0.545,0.270,0.519,0.156,0.299,0.472,0.344,0.512,0.332,0.390,0.509,0.901,1.131,0.770,2.036,0.405,0.950,0.202,0.605,0.320,0.379,0.838,0.140,0.310,0.999,0.013
2011-11-03 01:00:00,0.393,0.034,0.840,0.186,0.741,0.257,0.454,0.268,0.480,0.420,0.025,0.554,0.045,0.103,-0.040,0.225,0.192,-0.051,0.160,1.570,0.057,0.393,0.250,0.361,0.346,0.732,0.593,0.570,0.950,0.690,0.290,0.212,1.513,0.352,0.000,0.574,0.315,0.423,0.417,0.568,0.548,0.652,0.406,1.324,1.098,0.895,0.312,0.605,0.501,0.199,0.407,0.980,0.301,0.271,0.263,0.161,0.188,0.685,0.215,0.056,0.283,0.610,0.280,0.364,0.506,-0.003,0.153,0.835,0.384,0.149,0.109,0.226,0.877,0.824,0.524,0.268,0.388,0.114,0.299,0.383,0.367,0.450,0.299,0.346,0.486,0.587,1.021,0.685,1.965,0.406,0.813,0.235,0.499,0.307,0.312,0.747,0.147,0.280,0.722,-0.064
2011-11-03 02:00:00,0.160,-0.057,0.731,0.242,0.710,0.158,0.355,0.240,0.476,0.255,-0.059,0.507,0.027,0.060,-0.062,0.209,0.184,-0.162,0.156,1.370,0.048,0.412,0.138,0.350,-0.028,0.658,0.681,0.194,0.640,0.714,0.291,0.133,1.462,0.348,0.000,0.447,0.303,0.377,0.351,0.544,0.548,0.744,0.447,0.989,1.046,0.758,0.333,0.660,0.505,0.267,0.327,0.878,0.357,0.243,0.320,0.147,0.184,0.451,0.343,0.269,0.236,0.591,0.144,0.296,0.380,-0.069,0.189,0.618,0.294,0.021,0.052,0.249,0.868,0.799,0.421,0.269,0.376,0.136,0.307,0.273,0.426,0.432,0.316,0.312,0.423,0.222,0.900,0.613,1.657,0.378,0.693,0.253,0.382,0.318,0.274,0.681,0.165,0.330,0.486,-0.035
2011-11-03 03:00:00,0.251,0.038,0.766,0.303,0.601,0.071,0.331,0.232,0.351,0.252,-0.012,0.439,-0.024,0.019,-0.060,0.206,0.183,-0.153,0.156,1.474,0.046,0.534,0.079,0.404,-0.232,0.574,0.921,0.199,0.205,0.739,0.261,0.164,1.539,0.338,0.000,0.283,0.289,0.354,0.348,0.615,0.543,0.747,0.410,0.632,1.005,0.619,0.246,0.560,0.404,0.058,0.401,0.838,0.247,0.166,0.240,0.069,0.083,0.594,0.091,-0.054,0.235,0.442,0.150,0.218,0.215,-0.118,0.194,0.528,0.217,0.104,0.004,0.228,0.896,0.767,0.392,0.262,0.428,0.104,0.290,0.269,0.467,0.440,0.339,0.320,0.393,0.527,0.835,0.608,1.485,0.320,0.582,0.240,0.330,0.310,0.269,0.604,0.177,0.437,0.431,0.164
2011-11-03 04:00:00,0.259,0.044,0.828,0.379,0.527,0.133,0.273,0.201,0.302,0.236,-0.032,0.430,0.003,-0.017,-0.054,0.212,0.178,-0.148,0.147,1.564,0.053,0.694,0.084,0.510,-0.203,0.345,0.914,0.346,0.227,0.785,0.224,0.176,1.751,0.331,0.000,0.205,0.265,0.290,0.319,0.706,0.467,0.706,0.342,0.435,1.053,0.480,0.420,0.634,0.273,0.084,0.218,0.647,0.141,0.055,0.282,0.012,0.011,0.459,-0.058,0.018,0.125,0.398,0.140,0.073,0.048,-0.078,0.289,0.404,0.286,0.082,0.002,0.190,0.882,0.785,0.541,0.268,0.566,0.126,0.289,0.236,0.404,0.408,0.363,0.289,0.388,0.593,0.802,0.628,1.427,0.240,0.734,0.262,0.339,0.321,0.285,0.550,0.210,0.334,0.421,0.943
2011-11-03 05:00:00,0.247,0.176,0.804,0.490,0.439,0.219,0.271,0.136,0.152,0.429,0.041,0.323,-0.004,-0.048,-0.089,0.257,0.176,-0.229,0.135,1.579,0.048,0.767,0.170,0.639,-0.274,0.149,0.691,0.215,-0.128,0.800,0.137,0.174,1.951,0.354,0.000,0.181,0.230,0.215,0.332,0.703,0.421,0.601,0.269,0.352,1.011,0.297,0.517,0.752,0.254,0.023,0.285,0.661,0.233,0.081,0.396,0.075,0.222,0.848,0.014,0.264,0.121,0.897,0.391,0.132,0.200,-0.180,0.375,0.246,0.292,0.037,-0.022,0.204,0.859,0.727,0.382,0.271,0.629,0.108,0.278,0.163,0.332,0.396,0.438,0.245,0.372,0.662,0.688,0.645,1.288,0.173,0.653,0.263,0.265,0.310,0.301,0.461,0.243,0.326,0.425,1.261
2011-11-03 06:00:00,0.457,0.099,1.060,0.682,0.500,0.212,0.379,0.093,-0.057,0.379,0.072,0.266,0.124,-0.037,-0.018,0.096,0.200,-0.167,0.117,2.105,0.041,0.701,0.314,0.850,-0.213,0.413,0.819,0.137,0.002,0.851,0.192,0.267,1.947,0.428,0.000,0.080,0.213,0.170,0.390,0.729,0.444,0.467,0.285,0.584,0.903,0.265,0.565,0.753,0.284,0.073,0.319,0.582,0.242,0.139,0.320,0.230,0.317,1.114,0.029,0.194,0.175,0.938,0.530,0.059,0.475,-0.072,0.600,0.204,0.424,0.168,0.117,0.133,0.799,0.774,0.399,0.231,0.783,0.163,0.249,0.135,0.297,0.376,0.492,0.266,0.390,0.813,0.609,0.646,1.037,0.117,0.736,0.314,0.264,0.299,0.425,0.480,0.304,0.411,0.424,0.639
2011-11-03 07:00:00,0.511,0.011,1.458,0.849,0.649,0.481,0.360,0.092,-0.124,0.280,0.113,0.157,0.128,-0.059,-0.027,0.053,0.205,-0.147,0.098,1.916,0.052,0.555,0.478,1.000,-0.045,0.469,0.853,0.140,0.246,0.827,0.356,0.383,1.700,0.530,0.000,0.240,0.238,0.192,0.396,0.700,0.560,0.464,0.239,1.159,0.932,0.244,0.659,0.872,0.357,0.334,0.386,0.571,0.539,0.253,0.324,0.269,0.496,0.967,0.271,0.366,0.172,0.872,0.653,0.345,0.577,-0.088,0.763,0.018,0.466,0.265,0.103,0.147,0.572,0.867,0.269,0.165,0.879,0.230,0.262,0.207,0.276,0.360,0.382,0.293,0.527,1.068,0.542,0.720,1.072,0.080,0.798,0.293,0.379,0.390,0.615,0.543,0.283,0.376,0.480,0.488
2011-11-03 08:00:00,0.443,0.035,1.681,0.757,0.577,0.463,0.228,0.076,0.086,0.254,0.300,0.091,0.130,-0.138,-0.044,-0.004,0.166,-0.271,0.059,2.102,0.055,0.665,0.492,1.016,0.036,0.300,0.680,0.140,0.118,0.710,0.403,0.372,1.504,0.436,0.000,0.320,0.159,0.179,0.369,0.522,0.546,0.466,0.130,1.385,1.073,0.223,0.724,0.764,0.312,0.470,0.570,0.635,0.560,0.493,0.262,0.341,0.603,0.957,0.215,0.318,0.258,0.685,0.332,0.318,0.319,-0.010,0.714,0.061,0.494,0.205,0.027,0.119,0.018,0.845,0.386,0.147,0.904,0.177,0.203,0.160,0.262,0.306,0.438,0.285,0.433,1.203,0.504,0.675,0.963,0.068,0.945,0.270,0.480,0.477,0.664,0.411,0.235,0.471,0.452,0.465
2011-11-03 09:00:00,0.544,0.084,1.916,0.556,0.539,0.469,0.362,0.135,0.203,0.247,0.539,0.128,0.294,-0.105,0.051,0.061,0.131,-0.011,0.042,2.162,0.053,0.833,0.480,1.083,0.182,0.587,0.711,0.387,0.371,0.790,0.479,0.514,1.336,0.451,0.000,0.440,0.182,0.322,0.342,0.550,0.566,0.607,0.115,1.614,0.996,0.240,0.639,0.618,0.325,0.533,0.467,0.579,0.493,0.693,0.216,0.266,0.482,0.574,0.205,0.439,0.252,0.530,0.271,0.370,0.326,0.201,0.632,0.162,0.502,0.361,0.353,0.082,0.004,0.827,0.482,0.143,0.900,0.162,0.234,0.190,0.282,0.298,0.377,0.311,0.425,1.673,0.538,0.630,1.169,0.069,0.882,0.266,0.499,0.501,0.678,0.334,0.189,0.587,0.515,0.276
2011-11-03 10:00:00,0.499,0.108,1.938,0.492,0.725,0.544,0.242,0.172,0.141,0.287,0.453,0.137,0.266,-0.105,0.037,0.175,0.122,0.255,0.042,2.319,0.056,0.622,0.405,0.894,0.182,0.654,0.674,0.294,0.514,0.848,0.484,0.458,1.347,0.495,0.000,0.478,0.235,0.466,0.367,0.638,0.532,0.794,0.223,1.736,0.998,0.225,0.550,0.629,0.307,0.347,0.589,0.507,0.398,0.699,0.218,0.289,0.393,0.263,0.059,0.243,0.244,0.120,0.211,0.420,0.596,0.190,0.593,0.348,0.463,0.406,0.534,0.130,0.003,0.853,0.497,0.135,0.933,0.143,0.187,0.247,0.353,0.285,0.275,0.328,0.464,1.958,0.586,0.647,1.320,0.094,0.800,0.279,0.500,0.451,0.614,0.374,0.206,0.687,0.556,0.201
2011-11-03 11:00:00,0.617,0.293,1.849,0.366,0.580,0.588,0.280,0.208,0.056,0.282,0.635,0.185,0.286,-0.131,0.098,0.385,0.110,0.444,0.035,2.306,0.056,0.769,0.416,0.868,0.089,0.562,0.510,0.450,0.605,0.846,0.467,0.505,1.317,0.584,0.000,0.791,0.276,0.682,0.350,0.687,0.457,0.953,0.488,1.950,0.958,0.280,0.503,0.465,0.266,0.338,0.544,0.409,0.453,0.518,0.156,0.281,0.408,0.312,0.009,0.146,0.208,0.134,0.224,0.275,0.464,0.229,0.509,0.785,0.511,0.371,0.321,0.254,-0.008,0.920,0.603,0.104,0.886,0.166,0.218,0.231,0.422,0.267,0.238,0.296,0.439,2.118,0.601,0.605,1.659,0.169,0.746,0.291,0.570,0.420,0.626,0.379,0.197,0.824,0.703,0.134
2011-11-03 12:00:00,0.733,0.336,1.628,0.273,0.617,0.663,0.357,0.258,0.260,0.328,0.630,0.258,0.451,-0.087,0.259,0.475,0.109,0.886,0.035,2.623,0.061,0.857,0.489,0.981,0.263,0.897,0.713,0.621,1.068,0.965,0.542,0.497,1.413,0.664,0.000,1.363,0.386,0.769,0.289,0.682,0.468,1.185,0.817,2.190,0.888,0.435,0.506,0.546,0.225,0.287,0.467,0.376,0.378,0.308,0.148,0.168,0.538,0.513,-0.079,0.081,0.162,0.068,0.112,0.238,0.732,0.260,0.586,0.923,0.666,0.392,0.442,0.401,-0.019,1.033,0.629,0.089,0.853,0.135,0.217,0.174,0.505,0.276,0.265,0.311,0.547,2.256,0.696,0.626,1.912,0.239,0.754,0.418,0.627,0.486,0.633,0.424,0.204,1.089,0.716,0.196
2011-11-03 13:00:00,0.820,0.484,1.452,0.340,0.925,0.572,0.463,0.341,0.462,0.353,0.706,0.262,0.424,-0.040,0.364,0.721,0.107,0.983,0.034,2.591,0.054,1.156,0.585,1.032,0.418,1.098,0.762,0.719,1.168,1.072,0.647,0.464,1.302,0.799,0.000,1.830,0.522,0.852,0.272,0.719,0.628,1.415,1.188,2.153,0.969,0.588,0.633,0.580,0.186,0.194,0.333,0.492,0.400,0.231,0.167,0.186,0.614,0.242,-0.058,0.298,0.185,0.185,0.108,0.251,0.777,0.136,0.594,1.088,0.759,0.508,0.648,0.604,-0.020,1.144,0.585,0.107,0.901,0.155,0.271,0.167,0.634,0.274,0.279,0.293,0.540,2.204,0.815,0.718,2.334,0.295,0.770,0.519,0.611,0.588,0.648,0.506,0.219,1.258,0.717,0.381
2011-11-03 14:00:00,0.992,0.519,1.433,0.335,0.983,0.679,0.641,0.399,0.603,0.548,0.877,0.339,0.434,-0.020,0.550,0.735,0.106,1.228,0.033,3.069,0.054,1.712,0.519,1.075,0.480,1.298,0.913,1.149,1.128,1.137,0.697,0.546,1.270,0.940,0.000,1.985,0.626,0.931,0.325,0.874,0.870,1.541,1.412,2.114,0.828,0.774,0.626,0.576,0.190,0.158,0.308,0.513,0.280,0.270,0.122,0.179,0.528,0.480,0.081,0.274,0.155,0.208,0.152,0.262,0.780,0.215,0.700,1.238,0.915,0.616,0.881,0.839,-0.037,1.278,0.756,0.126,0.970,0.167,0.290,0.227,0.752,0.280,0.347,0.390,0.516,2.332,0.960,0.807,2.459,0.347,0.842,0.554,0.629,0.590,0.690,0.609,0.239,1.346,0.712,0.744
2011-11-03 15:00:00,1.016,0.630,1.529,0.338,1.059,0.655,0.768,0.462,0.783,0.721,0.879,0.411,0.572,0.043,0.713,0.943,0.095,1.365,0.033,3.028,0.053,2.071,0.611,1.222,0.555,1.493,1.139,1.286,1.388,1.254,0.764,0.587,1.314,1.050,0.000,1.891,0.687,0.935,0.400,1.004,1.147,1.628,1.540,2.109,0.891,0.846,0.682,0.675,0.205,0.207,0.236,0.589,0.300,0.131,0.234,0.333,0.513,0.446,0.239,0.448,0.192,0.203,0.287,0.260,1.041,0.328,0.766,1.094,1.086,0.878,0.806,1.065,-0.029,1.429,0.938,0.145,0.976,0.201,0.332,0.381,0.775,0.284,0.447,0.395,0.701,2.530,1.118,0.963,2.657,0.376,0.916,0.524,0.633,0.576,0.686,0.702,0.270,1.458,0.793,1.307
2011-11-03 16:00:00,1.189,0.868,1.616,0.412,1.261,0.570,0.942,0.528,0.753,0.894,0.872,0.433,0.460,0.110,0.819,0.852,0.090,1.502,0.035,3.325,0.058,2.188,0.521,1.398,0.626,1.800,1.298,1.216,1.216,1.349,0.724,0.613,1.502,1.167,0.000,2.001,0.758,0.984,0.404,1.340,1.367,1.686,1.617,1.969,0.944,0.896,0.861,0.838,0.338,0.361,0.170,0.728,0.357,0.028,0.276,0.408,0.526,0.936,0.385,0.506,0.177,0.427,0.520,0.462,1.365,0.368,0.866,1.114,1.332,1.045,0.800,1.245,-0.054,1.602,1.091,0.159,1.059,0.275,0.339,0.530,0.744,0.337,0.602,0.510,0.941,2.487,1.218,1.103,2.650,0.348,1.047,0.462,0.654,0.547,0.720,0.801,0.284,1.339,0.925,1.437
2011-11-03 17:00:00,1.443,0.846,1.580,0.424,1.386,0.652,1.133,0.559,0.652,1.191,0.689,0.530,0.446,0.201,0.959,0.782,0.115,1.574,0.060,3.361,0.059,2.277,0.607,1.545,0.843,1.799,1.559,1.345,1.501,1.418,0.648,0.692,1.692,1.159,0.000,2.166,0.792,1.025,0.478,1.569,1.512,1.643,1.528,1.725,0.909,1.023,0.988,0.947,0.489,0.763,0.219,0.816,0.562,0.108,0.374,0.473,0.666,1.045,0.403,0.620,0.229,0.724,0.583,0.376,1.700,0.490,1.032,1.038,1.505,1.108,1.068,1.319,0.015,1.669,1.273,0.166,1.202,0.296,0.402,0.615,0.669,0.430,0.879,0.580,0.989,2.570,1.359,1.308,2.846,0.314,1.236,0.421,0.808,0.571,0.731,0.908,0.324,1.188,1.252,1.627
2011-11-03 18:00:00,1.435,0.772,1.429,0.433,1.457,0.515,1.111,0.548,0.550,1.288,0.495,0.532,0.416,0.205,0.923,0.684,0.160,1.438,0.096,3.291,0.067,2.393,0.748,1.687,0.979,1.524,1.304,1.065,1.436,1.314,0.620,0.708,1.689,1.043,0.000,2.149,0.781,1.026,0.581,1.445,1.676,1.376,1.384,1.384,0.978,1.041,1.261,1.215,0.741,1.148,0.433,0.932,0.653,0.308,0.337,0.560,0.745,1.298,0.567,0.878,0.271,1.017,0.724,0.475,2.262,0.365,1.023,0.838,1.428,1.245,1.132,1.288,0.753,1.646,1.095,0.189,1.221,0.324,0.389,0.645,0.574,0.441,0.919,0.604,1.045,2.365,1.394,1.458,2.721,0.288,1.491,0.370,0.950,0.545,0.734,0.943,0.296,1.053,1.329,2.321
2011-11-03 19:00:00,1.533,0.816,1.630,0.407,1.579,0.519,1.300,0.587,0.539,1.206,0.535,0.514,0.467,0.320,0.891,0.589,0.184,1.146,0.129,3.445,0.079,2.235,1.011,1.858,1.550,1.651,1.387,0.874,1.527,1.241,0.575,0.758,1.837,1.046,0.000,1.863,0.754,1.036,0.624,1.429,1.844,1.204,1.219,1.163,0.970,1.172,1.188,1.244,0.958,1.129,0.581,1.020,0.706,0.482,0.416,0.607,0.707,1.382,0.548,0.769,0.285,1.075,0.702,0.532,2.443,0.506,0.931,0.833,1.390,1.319,0.865,1.190,0.773,1.567,1.160,0.209,1.167,0.329,0.385,0.788,0.520,0.506,0.828,0.629,1.048,2.107,1.482,1.417,2.699,0.295,1.376,0.322,0.965,0.530,0.791,1.066,0.320,0.878,1.547,2.119
2011-11-03 20:00:00,1.597,0.616,1.740,0.410,1.622,0.504,1.476,0.678,0.567,1.212,0.363,0.581,0.485,0.412,0.711,0.261,0.198,0.832,0.160,3.222,0.109,1.850,1.230,1.776,2.257,1.625,1.403,0.901,1.919,1.128,0.648,0.783,1.901,1.063,0.000,1.704,0.748,1.050,0.617,1.460,1.914,1.058,1.052,1.146,1.104,1.230,1.069,1.106,1.116,1.168,0.658,1.131,0.771,0.608,0.421,0.581,0.670,1.286,0.498,0.707,0.328,0.977,0.682,0.627,2.214,0.656,0.825,0.718,1.240,1.336,0.906,1.053,0.834,1.628,1.149,0.211,1.192,0.346,0.406,0.940,0.502,0.574,0.892,0.632,1.057,2.024,1.535,1.427,2.679,0.318,1.400,0.276,1.006,0.605,0.795,1.235,0.325,0.724,1.686,1.334
2011-11-03 21:00:00,1.173,0.471,1.557,0.454,1.448,0.425,1.423,0.704,0.828,1.072,0.387,0.627,0.365,0.392,0.420,0.330,0.208,0.328,0.176,2.771,0.113,1.844,1.412,1.528,2.606,1.142,0.974,0.881,1.834,0.993,0.543,0.664,1.972,0.932,0.000,1.549,0.705,0.998,0.639,1.331,1.845,0.938,0.850,1.081,1.253,1.311,0.824,1.003,1.131,1.158,0.629,1.239,0.580,0.519,0.355,0.397,0.431,0.875,0.418,0.372,0.363,0.685,0.511,0.719,1.384,0.653,0.529,0.734,0.996,1.445,1.017,0.922,0.870,1.549,1.266,0.228,1.039,0.324,0.436,0.974,0.489,0.641,0.712,0.626,1.097,2.008,1.564,1.345,2.640,0.399,1.293,0.253,1.036,0.664,0.817,1.286,0.306,0.697,1.784,0.981
2011-11-03 22:00:00,0.902,0.358,1.542,0.369,1.221,0.421,1.264,0.612,0.940,0.912,0.511,0.682,0.391,0.371,0.245,0.284,0.199,0.102,0.181,2.260,0.108,1.657,1.301,1.159,2.365,1.087,0.824,0.901,1.428,0.846,0.435,0.596,1.939,0.712,0.000,1.236,0.609,0.915,0.699,1.113,1.631,0.947,0.615,1.155,1.182,1.356,0.697,1.075,1.059,1.143,0.758,1.242,0.576,0.661,0.360,0.442,0.396,0.771,0.452,0.457,0.375,0.738,0.547,0.641,0.880,0.577,0.325,0.861,0.815,1.195,0.931,0.749,0.856,1.353,1.111,0.283,0.883,0.314,0.444,0.947,0.502,0.643,0.517,0.615,0.960,1.653,1.571,1.161,2.501,0.474,1.246,0.232,1.003,0.660,0.681,1.208,0.285,0.504,1.737,0.593
2011-11-03 23:00:00,0.614,0.194,1.422,0.300,1.259,0.341,1.132,0.516,0.801,0.797,0.272,0.658,0.385,0.354,0.140,0.281,0.203,0.107,0.181,1.974,0.099,1.094,1.164,0.822,1.952,1.351,0.850,0.766,1.588,0.891,0.432,0.420,1.743,0.536,0.000,1.065,0.552,0.783,0.672,0.923,1.173,0.936,0.470,1.305,1.256,1.141,0.508,0.902,0.837,0.986,0.691,1.194,0.407,0.467,0.225,0.256,0.281,0.765,0.464,0.383,0.353,0.569,0.357,0.621,0.716,0.374,0.225,0.775,0.675,0.828,0.500,0.598,0.876,1.171,0.905,0.334,0.694,0.232,0.448,0.808,0.533,0.621,0.376,0.511,0.844,1.266,1.397,0.991,2.219,0.506,1.084,0.206,0.899,0.591,0.517,1.134,0.208,0.383,1.423,0.272
2011-11-04 00:00:00,0.487,0.201,1.117,0.270,0.987,0.265,0.843,0.396,0.629,0.644,0.140,0.593,0.229,0.254,0.043,0.203,0.202,-0.052,0.168,1.670,0.085,0.883,0.867,0.659,1.172,1.188,0.706,0.534,1.232,0.807,0.394,0.261,1.608,0.355,0.000,0.808,0.454,0.635,0.592,0.799,0.752,0.825,0.501,1.467,1.238,0.972,0.341,0.782,0.617,0.614,0.563,1.072,0.410,0.343,0.226,0.207,0.219,0.526,0.363,0.266,0.303,0.558,0.294,0.435,0.474,0.080,0.158,0.912,0.535,0.480,0.311,0.467,0.861,1.014,0.637,0.332,0.502,0.131,0.394,0.619,0.516,0.594,0.293,0.403,0.649,0.976,1.243,0.866,1.943,0.514,0.872,0.221,0.758,0.495,0.352,0.971,0.166,0.394,1.147,0.023
2011-11-04 01:00:00,0.391,0.038,1.097,0.264,0.674,0.338,0.720,0.336,0.647,0.474,0.139,0.631,0.208,0.216,0.061,0.252,0.182,-0.075,0.156,1.525,0.071,0.792,0.479,0.713,0.708,1.012,0.811,0.461,1.199,0.741,0.372,0.324,1.504,0.272,0.000,0.714,0.409,0.519,0.480,0.702,0.651,0.797,0.603,1.457,1.090,0.914,0.192,0.719,0.472,0.454,0.405,1.000,0.273,0.202,0.201,0.165,0.083,0.734,0.198,0.256,0.252,0.558,0.105,0.420,0.434,0.127,0.208,0.841,0.518,0.179,0.263,0.340,0.854,0.909,0.435,0.339,0.361,0.088,0.347,0.449,0.492,0.530,0.239,0.381,0.571,0.776,1.068,0.749,1.813,0.478,0.713,0.259,0.567,0.421,0.295,0.842,0.191,0.422,0.939,-0.016
2011-11-04 02:00:00,0.150,-0.073,1.077,0.279,0.763,0.272,0.556,0.316,0.672,0.317,-0.003,0.598,0.023,0.154,0.004,0.198,0.184,-0.053,0.161,1.481,0.085,0.554,0.352,0.573,0.150,1.004,0.926,0.310,0.818,0.766,0.346,0.251,1.368,0.271,0.000,0.783,0.391,0.446,0.389,0.742,0.618,0.825,0.674,1.102,1.056,0.703,0.108,0.450,0.313,0.110,0.323,0.858,0.224,0.089,0.127,0.025,-0.030,0.470,-0.062,-0.098,0.209,0.216,0.222,0.262,0.361,-0.008,0.209,0.655,0.403,0.107,0.083,0.287,0.878,0.921,0.501,0.333,0.364,0.081,0.355,0.325,0.540,0.478,0.254,0.336,0.441,0.546,0.915,0.673,1.548,0.414,0.610,0.267,0.413,0.388,0.314,0.762,0.207,0.440,0.741,0.013
2011-11-04 03:00:00,0.282,0.094,0.928,0.278,0.805,0.166,0.543,0.314,0.583,0.373,0.050,0.552,-0.028,0.097,0.044,0.237,0.176,-0.157,0.161,1.536,0.062,0.869,0.292,0.534,-0.072,0.725,1.040,0.322,0.368,0.806,0.266,0.198,1.380,0.295,0.000,0.432,0.369,0.423,0.327,0.756,0.536,0.816,0.582,0.647,1.021,0.550,0.357,0.690,0.345,0.113,0.331,0.885,0.352,0.185,0.323,0.131,0.102,0.703,0.178,0.368,0.218,0.509,0.333,0.301,0.065,-0.059,0.294,0.845,0.404,0.143,0.118,0.254,0.855,0.860,0.488,0.327,0.461,0.095,0.324,0.195,0.554,0.456,0.317,0.334,0.335,0.598,0.809,0.658,1.252,0.332,0.566,0.268,0.357,0.372,0.300,0.642,0.191,0.474,0.638,0.244
2011-11-04 04:00:00,0.324,0.134,0.897,0.237,0.454,0.121,0.431,0.200,0.498,0.494,-0.095,0.543,-0.018,0.030,0.060,0.202,0.158,-0.037,0.135,1.526,0.047,1.126,0.104,0.480,-0.283,0.197,0.907,0.465,0.194,0.827,0.275,0.187,1.359,0.263,0.000,0.002,0.322,0.306,0.255,0.710,0.427,0.702,0.390,0.317,0.975,0.432,0.339,0.639,0.380,0.081,0.304,0.776,0.229,0.161,0.333,0.161,0.078,0.610,0.103,-0.027,0.229,0.309,0.236,0.165,-0.089,-0.091,0.345,0.588,0.289,0.050,0.047,0.229,0.818,0.780,0.537,0.304,0.558,0.115,0.274,0.119,0.461,0.384,0.431,0.315,0.343,0.666,0.814,0.684,1.039,0.248,0.598,0.280,0.289,0.385,0.282,0.530,0.202,0.422,0.455,1.037
2011-11-04 05:00:00,0.308,0.188,1.030,0.258,0.503,0.275,0.445,0.158,0.147,0.454,0.125,0.415,0.126,0.085,0.109,0.334,0.168,-0.053,0.130,1.884,0.058,1.037,0.252,0.757,-0.307,0.412,0.989,0.139,0.205,1.008,0.273,0.294,1.389,0.310,0.000,0.006,0.256,0.237,0.289,0.744,0.445,0.577,0.223,0.207,1.019,0.298,0.462,0.716,0.404,0.154,0.254,0.652,0.270,0.106,0.399,0.099,0.121,0.550,0.156,0.138,0.165,0.382,0.279,0.227,0.349,-0.049,0.403,0.456,0.296,0.039,-0.101,0.140,0.824,0.734,0.467,0.277,0.699,0.134,0.271,0.118,0.373,0.326,0.582,0.322,0.305,0.775,0.766,0.723,0.786,0.161,0.698,0.278,0.254,0.359,0.270,0.472,0.237,0.343,0.326,1.530
2011-11-04 06:00:00,0.477,0.127,0.967,0.257,0.430,0.088,0.292,0.089,-0.183,0.134,0.066,0.265,0.029,0.002,-0.022,0.155,0.187,-0.121,0.120,2.103,0.044,0.637,0.174,0.761,-0.421,0.337,0.867,0.184,0.052,0.928,0.419,0.173,1.512,0.400,0.000,0.216,0.207,0.223,0.330,0.850,0.614,0.493,0.268,0.476,1.018,0.234,0.561,0.771,0.305,0.139,0.399,0.608,0.333,0.179,0.317,0.210,0.281,1.054,-0.013,0.253,0.168,0.555,0.396,0.121,0.416,-0.218,0.632,0.368,0.225,0.120,0.012,0.113,0.772,0.791,0.395,0.247,0.911,0.179,0.235,0.224,0.328,0.306,0.551,0.319,0.333,0.984,0.859,0.787,0.792,0.102,0.772,0.336,0.390,0.366,0.352,0.473,0.326,0.404,0.407,0.907
2011-11-04 07:00:00,0.535,-0.035,1.516,0.295,0.565,0.159,0.463,0.146,-0.079,0.229,0.111,0.237,0.186,-0.018,0.124,0.196,0.177,-0.141,0.096,2.171,0.041,1.042,0.541,1.122,-0.155,0.597,0.917,0.371,0.544,0.909,0.725,0.395,1.455,0.493,0.000,0.361,0.220,0.226,0.364,0.722,0.891,0.447,0.388,1.078,1.058,0.271,0.700,0.779,0.280,0.270,0.281,0.559,0.566,0.243,0.273,0.251,0.445,1.197,0.110,0.361,0.164,0.814,0.573,0.207,0.610,-0.020,0.819,0.222,0.351,0.314,0.161,0.126,0.574,0.784,0.426,0.211,1.052,0.228,0.262,0.359,0.274,0.341,0.526,0.371,0.478,1.333,1.051,0.788,0.935,0.065,0.882,0.303,0.612,0.510,0.464,0.517,0.325,0.395,0.508,0.599
2011-11-04 08:00:00,0.635,0.135,1.987,0.330,0.660,0.164,0.452,0.158,0.159,0.268,0.368,0.158,0.187,-0.039,0.035,0.118,0.154,-0.104,0.055,2.423,0.039,0.957,0.631,1.103,0.222,0.669,0.898,0.264,0.426,0.970,0.662,0.439,1.255,0.561,0.000,0.389,0.293,0.280,0.349,0.473,0.939,0.481,0.334,1.402,1.062,0.363,0.759,0.835,0.294,0.359,0.532,0.546,0.482,0.442,0.268,0.357,0.504,0.951,0.199,0.317,0.230,0.692,0.448,0.332,0.630,0.066,0.814,0.216,0.466,0.384,0.506,0.211,-0.010,0.779,0.539,0.172,1.178,0.179,0.280,0.398,0.308,0.337,0.468,0.372,0.501,1.585,1.085,0.746,1.243,0.047,0.952,0.285,0.716,0.657,0.483,0.494,0.294,0.397,0.609,0.560
2011-11-04 09:00:00,0.749,0.196,2.151,0.394,0.718,0.151,0.701,0.258,0.156,0.335,0.662,0.221,0.286,-0.011,0.134,0.196,0.127,0.041,0.036,2.354,0.038,0.911,0.644,0.946,0.494,0.855,0.879,0.538,0.770,1.111,0.564,0.469,1.033,0.534,0.000,0.787,0.325,0.365,0.378,0.478,0.843,0.608,0.382,1.516,1.062,0.368,0.777,0.730,0.338,0.452,0.589,0.544,0.530,0.579,0.188,0.342,0.492,0.508,0.188,0.333,0.266,0.612,0.280,0.331,0.349,0.368,0.704,0.359,0.536,0.514,0.675,0.256,-0.004,0.764,0.552,0.138,1.132,0.139,0.246,0.370,0.381,0.308,0.363,0.357,0.444,2.066,1.093,0.744,1.443,0.099,0.948,0.281,0.691,0.652,0.428,0.482,0.236,0.441,0.595,0.202
2011-11-04 10:00:00,0.712,0.217,2.105,0.362,0.751,0.169,0.779,0.304,0.317,0.377,0.734,0.334,0.373,-0.021,0.142,0.258,0.113,0.379,0.034,2.608,0.040,1.172,0.593,0.791,0.409,0.725,0.774,0.661,0.955,1.277,0.382,0.436,0.963,0.571,0.000,1.118,0.507,0.450,0.403,0.630,0.811,0.793,0.580,1.503,0.983,0.369,0.703,0.686,0.313,0.413,0.583,0.485,0.438,0.631,0.147,0.230,0.464,0.381,0.039,0.284,0.219,0.238,0.233,0.370,0.422,0.426,0.689,0.828,0.487,0.488,0.693,0.319,-0.014,0.780,0.519,0.161,1.030,0.098,0.258,0.334,0.432,0.279,0.282,0.345,0.427,2.629,1.023,0.719,1.998,0.183,0.965,0.282,0.608,0.637,0.385,0.474,0.232,0.558,0.782,0.053
2011-11-04 11:00:00,0.716,0.356,2.066,0.319,0.605,0.274,0.702,0.317,0.211,0.263,0.664,0.330,0.380,-0.010,0.176,0.502,0.095,0.744,0.009,2.718,0.053,0.985,0.573,0.660,0.476,0.664,0.706,0.702,1.190,1.305,0.486,0.419,1.038,0.674,0.000,1.480,0.622,0.578,0.381,0.859,0.838,1.181,0.914,1.527,0.942,0.370,0.663,0.591,0.297,0.338,0.475,0.506,0.450,0.561,0.166,0.249,0.401,0.304,0.026,0.302,0.226,0.223,0.182,0.337,0.577,0.280,0.626,1.171,0.505,0.377,0.637,0.469,-0.016,0.809,0.428,0.173,0.910,0.133,0.286,0.270,0.542,0.267,0.310,0.355,0.511,2.955,0.996,0.719,2.174,0.280,0.867,0.303,0.600,0.555,0.405,0.496,0.235,0.796,0.935,0.176
2011-11-04 12:00:00,0.698,0.474,1.922,0.351,0.677,0.436,0.707,0.349,0.287,0.289,0.772,0.425,0.439,-0.017,0.331,0.651,0.088,1.197,0.023,2.741,0.064,0.952,0.562,0.723,0.363,1.040,0.796,0.880,1.421,1.467,0.644,0.452,1.005,0.799,0.000,1.579,0.767,0.723,0.355,0.897,0.786,1.402,1.294,1.425,0.947,0.373,0.581,0.482,0.349,0.242,0.473,0.409,0.254,0.457,0.088,0.226,0.314,0.525,0.026,0.326,0.198,0.173,0.214,0.275,0.680,0.229,0.650,1.495,0.651,0.465,0.898,0.628,-0.027,0.975,0.503,0.145,0.924,0.135,0.285,0.171,0.641,0.292,0.343,0.348,0.620,2.745,0.856,0.703,2.523,0.322,0.808,0.357,0.613,0.529,0.432,0.495,0.247,0.764,0.920,0.320
2011-11-04 13:00:00,0.859,0.673,1.478,0.367,0.910,0.521,0.771,0.437,0.379,0.461,0.918,0.445,0.555,0.002,0.558,0.966,0.091,1.422,0.020,3.004,0.064,1.506,0.665,1.014,0.494,1.463,0.871,1.198,1.714,1.584,0.715,0.439,1.162,0.935,0.000,1.795,0.973,0.863,0.308,0.952,0.816,1.580,1.627,1.292,0.855,0.606,0.671,0.623,0.238,0.153,0.356,0.406,0.270,0.173,0.180,0.239,0.260,0.209,0.032,0.229,0.167,0.102,0.184,0.255,0.801,0.199,0.774,1.651,0.892,0.523,1.050,0.849,-0.029,1.165,0.568,0.136,0.934,0.115,0.375,0.107,0.763,0.290,0.419,0.342,0.700,2.692,0.826,0.745,2.676,0.356,0.815,0.446,0.631,0.580,0.509,0.558,0.284,1.013,0.833,0.620
2011-11-04 14:00:00,1.051,0.806,1.716,0.354,0.898,0.594,0.973,0.517,0.740,0.552,0.972,0.638,0.630,0.061,0.793,0.973,0.099,1.699,0.012,3.134,0.068,2.284,0.567,1.337,0.481,1.636,1.062,1.454,1.699,1.564,0.826,0.610,1.485,1.038,0.000,2.355,1.067,0.959,0.300,1.097,1.118,1.803,1.880,1.210,0.848,0.833,0.806,0.718,0.233,0.200,0.301,0.548,0.352,0.130,0.182,0.269,0.333,0.660,0.078,0.419,0.166,0.353,0.278,0.325,0.867,0.267,0.829,1.753,1.080,0.719,1.164,1.043,-0.043,1.445,0.781,0.163,0.981,0.170,0.392,0.204,0.881,0.280,0.526,0.406,0.783,2.734,0.902,0.883,3.054,0.376,0.812,0.507,0.667,0.653,0.605,0.718,0.351,1.150,0.793,1.181
2011-11-04 15:00:00,1.141,0.830,1.837,0.368,1.003,0.741,1.134,0.602,1.133,0.799,1.026,0.715,0.548,0.144,0.904,1.150,0.070,1.897,0.031,3.291,0.072,2.150,0.694,1.573,0.594,1.854,1.421,1.564,1.852,1.651,0.778,0.710,1.925,1.176,0.000,2.847,1.207,1.008,0.331,1.322,1.498,1.805,1.992,1.235,0.844,0.987,0.817,0.746,0.171,0.187,0.145,0.586,0.359,0.156,0.192,0.268,0.382,0.590,0.080,0.311,0.152,0.330,0.119,0.266,1.186,0.426,0.843,1.578,1.325,0.960,1.209,1.188,-0.038,1.660,1.018,0.190,1.129,0.216,0.470,0.358,0.939,0.336,0.652,0.481,0.908,2.817,1.054,1.036,3.157,0.415,0.918,0.482,0.666,0.766,0.729,0.889,0.373,1.308,0.848,1.874
2011-11-04 16:00:00,1.533,1.118,1.719,0.463,1.164,0.652,1.217,0.671,0.830,1.116,0.979,0.761,0.501,0.171,1.013,1.106,0.084,1.804,0.030,3.671,0.067,2.406,0.749,1.824,0.392,1.824,1.416,1.700,1.738,1.639,0.737,0.611,2.327,1.251,0.000,2.816,1.209,1.003,0.356,1.620,1.775,1.884,2.010,1.239,0.904,1.089,0.902,0.748,0.265,0.312,0.248,0.659,0.348,0.269,0.226,0.378,0.420,0.604,0.206,0.510,0.226,0.408,0.385,0.424,1.385,0.371,0.967,1.659,1.516,1.202,1.208,1.262,-0.062,1.777,1.164,0.207,1.219,0.290,0.482,0.487,0.911,0.402,0.842,0.568,1.072,2.867,1.157,1.279,3.225,0.401,1.050,0.423,0.809,0.766,0.842,0.974,0.357,1.340,1.090,2.029
2011-11-04 17:00:00,1.747,1.227,1.765,0.420,1.306,0.699,1.503,0.727,0.802,1.231,0.820,0.869,0.535,0.306,1.218,1.054,0.146,1.853,0.053,4.000,0.071,2.842,0.932,2.268,0.664,1.830,1.521,1.660,1.985,1.627,0.651,0.704,2.570,1.231,0.000,2.386,1.167,1.017,0.443,1.657,1.876,1.672,1.784,1.192,0.970,1.088,0.911,0.906,0.516,0.454,0.301,0.737,0.462,0.203,0.332,0.468,0.420,0.852,0.258,0.414,0.209,0.477,0.459,0.452,1.953,0.503,1.166,1.626,1.730,1.301,1.396,1.275,-0.011,1.885,1.316,0.221,1.352,0.304,0.501,0.553,0.808,0.454,0.915,0.627,1.215,2.827,1.261,1.511,3.342,0.375,1.189,0.447,1.099,0.800,0.910,1.051,0.363,1.270,1.322,2.016
2011-11-04 18:00:00,1.886,0.952,1.678,0.418,1.450,0.732,1.416,0.710,0.715,1.411,0.550,0.818,0.527,0.378,1.239,0.821,0.174,1.705,0.098,3.694,0.094,2.301,1.083,2.300,1.118,1.813,1.436,1.570,1.908,1.534,0.604,0.715,2.786,1.113,0.000,2.229,1.061,1.068,0.558,1.693,1.980,1.526,1.514,1.083,1.009,1.056,0.963,1.009,0.790,0.769,0.354,0.835,0.703,0.252,0.356,0.511,0.673,1.279,0.341,0.411,0.268,0.795,0.673,0.417,2.521,0.499,1.174,1.302,1.678,1.490,1.131,1.174,0.717,1.944,1.375,0.235,1.370,0.352,0.474,0.646,0.659,0.517,0.896,0.654,1.294,2.653,1.350,1.480,3.247,0.341,1.269,0.408,1.248,0.730,0.967,1.125,0.386,1.112,1.589,2.686
2011-11-04 19:00:00,1.949,0.873,1.590,0.475,1.441,0.594,1.320,0.729,0.610,1.400,0.477,0.743,0.625,0.403,1.029,0.686,0.184,1.189,0.131,3.844,0.080,2.288,1.280,2.276,1.604,1.769,1.071,1.117,1.984,1.328,0.534,0.654,2.807,1.103,0.000,2.061,0.895,1.126,0.655,1.708,2.061,1.261,1.354,1.213,1.097,1.126,1.021,1.100,0.963,0.910,0.448,0.973,0.754,0.263,0.341,0.456,0.644,1.335,0.356,0.539,0.277,0.880,0.484,0.497,2.397,0.552,1.040,1.251,1.548,1.524,0.883,0.967,0.740,1.860,1.380,0.258,1.311,0.354,0.455,0.834,0.540,0.574,0.845,0.707,1.281,2.405,1.435,1.555,3.266,0.339,1.425,0.332,1.251,0.661,0.986,1.238,0.377,0.974,1.780,2.388
2011-11-04 20:00:00,1.859,0.700,1.606,0.447,1.433,0.573,1.424,0.777,0.619,1.237,0.509,0.756,0.662,0.474,0.801,0.429,0.191,0.896,0.157,3.093,0.088,2.075,1.444,2.119,2.126,1.706,1.014,0.982,1.913,1.119,0.445,0.613,2.744,1.081,0.000,1.858,0.726,1.099,0.702,1.547,2.032,1.105,1.143,1.282,1.144,1.189,0.924,1.103,1.060,1.003,0.637,1.008,0.734,0.518,0.386,0.551,0.718,1.042,0.378,0.600,0.330,0.956,0.687,0.470,2.260,0.598,0.928,1.062,1.392,1.583,1.110,0.843,0.830,1.656,1.359,0.261,1.364,0.401,0.454,0.916,0.525,0.589,0.675,0.709,1.205,2.111,1.525,1.535,3.114,0.380,1.425,0.277,1.170,0.653,0.930,1.289,0.314,1.010,1.874,1.358
2011-11-04 21:00:00,1.689,0.449,1.759,0.436,1.344,0.456,1.389,0.769,0.918,1.140,0.450,0.798,0.581,0.497,0.520,0.422,0.202,0.542,0.150,2.838,0.098,1.764,1.513,1.758,2.500,1.446,0.916,0.745,1.908,0.892,0.351,0.590,2.636,0.959,0.000,1.585,0.584,1.036,0.753,1.333,1.841,0.970,0.810,1.282,1.173,1.267,0.804,1.072,1.108,1.071,0.632,1.140,0.643,0.541,0.394,0.491,0.616,0.961,0.588,0.689,0.367,0.920,0.645,0.693,1.543,0.736,0.655,0.918,1.234,1.480,1.046,0.724,0.818,1.482,1.202,0.252,1.059,0.425,0.454,0.885,0.559,0.614,0.544,0.689,1.043,1.683,1.617,1.477,2.829,0.445,1.311,0.234,1.116,0.607,0.829,1.275,0.277,0.653,1.829,0.879
2011-11-04 22:00:00,1.415,0.394,1.632,0.384,1.156,0.362,1.238,0.712,1.015,1.239,0.406,0.824,0.374,0.445,0.267,0.299,0.183,0.353,0.163,2.360,0.106,1.445,1.345,1.280,2.198,1.220,0.723,0.773,1.610,0.809,0.272,0.497,2.559,0.722,0.000,1.115,0.475,0.940,0.795,1.097,1.451,1.021,0.545,1.392,1.202,1.192,0.640,0.970,1.003,0.959,0.609,1.156,0.582,0.610,0.337,0.455,0.526,0.699,0.599,0.389,0.405,0.760,0.533,0.680,1.049,0.592,0.427,0.883,1.041,1.280,0.735,0.627,0.841,1.296,0.987,0.273,0.977,0.285,0.414,0.840,0.550,0.631,0.426,0.589,0.856,1.504,1.602,1.266,2.654,0.472,1.224,0.175,1.007,0.512,0.666,1.248,0.195,0.554,1.691,0.561
2011-11-04 23:00:00,0.978,0.320,1.405,0.340,1.065,0.292,1.096,0.599,0.848,0.983,0.271,0.828,0.434,0.426,0.182,0.346,0.187,0.148,0.190,2.035,0.097,1.300,1.078,0.934,1.756,1.093,0.629,0.585,1.526,0.741,0.203,0.376,2.362,0.553,0.000,1.102,0.409,0.824,0.698,0.914,1.042,1.070,0.492,1.590,1.202,1.085,0.414,0.915,0.780,1.054,0.615,1.131,0.472,0.565,0.255,0.301,0.399,0.792,0.537,0.404,0.365,0.658,0.211,0.710,0.718,0.421,0.298,0.920,0.839,0.870,0.616,0.545,0.848,1.122,0.898,0.311,0.651,0.182,0.455,0.798,0.540,0.645,0.356,0.519,0.697,1.396,1.500,1.023,2.520,0.510,1.020,0.175,0.820,0.394,0.528,1.173,0.177,0.472,1.528,0.349
2011-11-05 00:00:00,0.667,0.178,1.146,0.232,0.732,0.240,0.842,0.448,0.732,0.770,0.137,0.818,0.313,0.332,0.053,0.303,0.169,0.130,0.162,1.668,0.080,0.859,0.632,0.570,0.993,0.854,0.419,0.409,1.174,0.682,0.213,0.260,2.086,0.377,0.000,0.903,0.342,0.662,0.573,0.659,0.747,1.004,0.644,1.520,1.209,0.989,0.299,0.743,0.584,0.807,0.611,1.020,0.406,0.418,0.222,0.150,0.229,0.583,0.284,0.140,0.330,0.471,0.310,0.476,0.427,0.180,0.128,0.898,0.526,0.418,0.351,0.447,0.827,0.972,0.751,0.338,0.548,0.065,0.396,0.650,0.515,0.583,0.315,0.417,0.525,0.931,1.334,0.834,2.314,0.506,0.859,0.169,0.668,0.341,0.371,1.004,0.126,0.344,1.170,0.137
2011-11-05 01:00:00,0.335,-0.095,1.001,0.205,0.605,0.275,0.695,0.369,0.625,0.682,0.110,0.728,0.249,0.255,0.029,0.392,0.188,0.156,0.155,1.679,0.072,0.458,0.457,0.555,0.506,0.950,0.705,0.254,1.092,0.683,0.257,0.216,1.582,0.382,0.000,0.784,0.340,0.571,0.432,0.576,0.678,0.896,0.835,1.259,1.151,0.911,0.372,0.786,0.441,0.519,0.413,0.840,0.236,0.226,0.297,0.139,0.114,0.543,0.212,0.243,0.187,0.421,0.132,0.296,0.401,0.127,0.131,0.878,0.380,0.236,0.108,0.363,0.849,0.885,0.755,0.354,0.349,0.069,0.391,0.462,0.562,0.550,0.262,0.332,0.449,0.739,1.231,0.721,2.061,0.514,0.743,0.226,0.551,0.336,0.353,0.877,0.165,0.404,0.927,0.026
2011-11-05 02:00:00,0.248,0.042,0.844,0.205,0.461,0.124,0.469,0.337,0.662,0.459,0.012,0.687,0.118,0.166,-0.080,0.232,0.169,0.193,0.159,1.332,0.059,0.596,0.173,0.551,-0.064,0.634,0.645,0.254,0.723,0.639,0.288,0.130,1.308,0.348,0.000,0.751,0.349,0.516,0.373,0.683,0.639,1.072,0.826,0.872,1.124,0.726,0.218,0.627,0.423,0.184,0.343,0.845,0.343,0.151,0.315,0.115,0.238,0.612,0.152,0.228,0.207,0.611,0.318,0.294,0.146,-0.084,0.131,0.849,0.238,0.163,0.222,0.301,0.834,0.918,0.583,0.347,0.461,0.063,0.386,0.319,0.612,0.526,0.319,0.327,0.375,0.567,1.104,0.672,1.830,0.442,0.656,0.216,0.454,0.363,0.351,0.752,0.165,0.587,0.635,0.057
2011-11-05 03:00:00,0.223,-0.009,0.888,0.214,0.548,0.233,0.519,0.349,0.587,0.566,0.077,0.625,-0.008,0.164,0.063,0.268,0.160,0.259,0.160,1.676,0.067,0.819,0.249,0.727,-0.149,0.643,1.040,0.425,0.464,0.759,0.257,0.192,1.227,0.383,0.000,0.597,0.357,0.455,0.280,0.771,0.546,0.986,0.735,0.589,1.102,0.616,0.265,0.548,0.440,0.189,0.280,0.798,0.210,0.094,0.236,0.128,0.063,0.729,0.122,0.011,0.201,0.363,0.209,0.232,0.082,-0.029,0.240,0.742,0.274,0.193,0.199,0.323,0.832,0.999,0.461,0.333,0.494,0.090,0.358,0.210,0.577,0.466,0.468,0.338,0.421,0.595,0.957,0.689,1.588,0.422,0.672,0.238,0.395,0.366,0.396,0.776,0.170,0.559,0.518,0.362
2011-11-05 04:00:00,0.376,0.101,0.914,0.221,0.493,0.101,0.428,0.281,0.504,0.447,0.127,0.649,-0.004,0.117,0.042,0.139,0.162,0.358,0.139,1.620,0.060,1.069,0.142,0.774,-0.313,0.333,0.881,0.368,0.163,0.756,0.215,0.163,0.980,0.358,0.000,0.371,0.352,0.330,0.290,0.886,0.501,0.955,0.538,0.425,1.003,0.549,0.388,0.679,0.390,0.158,0.298,0.747,0.275,0.136,0.311,0.090,0.072,0.357,0.193,0.140,0.168,0.255,0.265,0.278,-0.004,-0.045,0.296,0.673,0.226,0.134,-0.127,0.295,0.816,0.918,0.421,0.347,0.835,0.106,0.345,0.137,0.528,0.369,0.605,0.347,0.431,0.592,0.816,0.781,1.227,0.309,0.649,0.256,0.396,0.386,0.444,0.771,0.160,0.482,0.517,1.295
2011-11-05 05:00:00,0.310,0.261,0.912,0.218,0.453,0.100,0.410,0.216,0.285,0.442,0.141,0.491,-0.010,0.094,0.136,0.119,0.179,0.261,0.126,1.697,0.043,1.016,0.190,0.927,-0.367,0.290,0.768,0.257,0.038,0.861,0.211,0.139,0.837,0.396,0.000,0.196,0.332,0.222,0.292,0.929,0.513,0.999,0.507,0.430,0.989,0.371,0.481,0.742,0.323,0.127,0.356,0.700,0.245,0.176,0.334,0.128,0.159,0.632,0.080,0.199,0.132,0.393,0.205,0.127,0.252,-0.079,0.429,0.464,0.186,0.183,-0.089,0.223,0.813,0.842,0.457,0.330,0.975,0.142,0.358,0.141,0.453,0.337,0.536,0.343,0.417,0.859,0.669,0.887,1.075,0.208,0.653,0.325,0.320,0.394,0.449,0.676,0.225,0.692,0.468,1.713
2011-11-05 06:00:00,0.462,0.167,1.003,0.220,0.432,0.128,0.458,0.139,0.096,0.422,0.135,0.371,0.124,0.067,0.146,0.083,0.186,0.345,0.109,2.294,0.044,0.912,0.290,1.083,-0.371,0.466,0.835,0.303,0.085,0.895,0.254,0.185,0.996,0.406,0.000,0.364,0.250,0.194,0.369,0.812,0.502,0.772,0.397,0.797,1.011,0.254,0.569,0.807,0.279,0.110,0.225,0.539,0.337,0.103,0.368,0.158,0.292,1.013,0.029,0.271,0.128,0.495,0.484,0.136,0.520,-0.033,0.644,0.388,0.233,0.332,0.162,0.180,0.768,0.894,0.541,0.275,1.037,0.230,0.284,0.221,0.348,0.332,0.510,0.384,0.408,1.052,0.598,0.793,0.831,0.118,0.695,0.301,0.358,0.424,0.560,0.655,0.308,0.629,0.514,1.000
2011-11-05 07:00:00,0.619,0.088,1.426,0.227,0.499,0.185,0.496,0.194,-0.071,0.351,0.161,0.255,0.212,0.071,0.168,0.020,0.186,0.397,0.094,2.350,0.058,0.837,0.497,1.199,-0.014,0.764,0.905,0.378,0.479,0.955,0.374,0.259,0.949,0.438,0.000,0.574,0.200,0.237,0.439,0.708,0.596,0.681,0.510,1.179,1.030,0.298,0.654,1.022,0.286,0.276,0.425,0.606,0.684,0.243,0.414,0.333,0.517,1.334,0.190,0.375,0.169,0.859,0.647,0.309,0.823,0.035,0.829,0.259,0.336,0.370,0.347,0.137,0.640,0.961,0.547,0.236,1.071,0.201,0.318,0.259,0.309,0.302,0.460,0.361,0.468,1.258,0.564,0.791,0.974,0.097,0.735,0.297,0.460,0.490,0.622,0.631,0.374,0.590,0.644,0.718
2011-11-05 08:00:00,0.693,0.285,1.844,0.346,0.716,0.166,0.557,0.254,0.202,0.298,0.428,0.176,0.230,0.039,0.163,0.008,0.166,0.453,0.067,2.503,0.079,0.923,0.738,1.191,0.345,0.734,1.007,0.579,0.617,0.940,0.448,0.348,0.790,0.489,0.000,0.593,0.167,0.282,0.358,0.277,0.674,0.645,0.484,1.489,1.012,0.325,0.742,0.868,0.352,0.429,0.498,0.581,0.577,0.412,0.321,0.387,0.501,0.842,0.303,0.283,0.264,0.915,0.483,0.253,0.753,0.206,0.872,0.301,0.488,0.735,0.470,0.221,-0.008,0.856,0.561,0.198,1.143,0.150,0.310,0.293,0.346,0.271,0.349,0.447,0.500,1.512,0.575,0.765,1.168,0.124,0.748,0.301,0.492,0.600,0.650,0.528,0.288,0.727,0.674,0.651
2011-11-05 09:00:00,0.834,0.316,1.906,0.404,0.656,0.184,0.546,0.284,0.468,0.391,0.608,0.206,0.266,-0.003,0.115,0.069,0.134,0.713,0.056,2.401,0.072,1.150,0.705,0.927,0.607,0.548,0.674,0.699,0.752,0.875,0.364,0.348,0.774,0.482,0.000,0.584,0.166,0.378,0.383,0.373,0.675,0.976,0.483,1.591,1.062,0.378,0.780,0.875,0.399,0.518,0.552,0.585,0.533,0.620,0.307,0.368,0.511,0.496,0.301,0.468,0.260,0.642,0.262,0.383,0.328,0.373,0.745,0.471,0.557,0.578,0.579,0.280,-0.018,0.764,0.578,0.197,1.162,0.104,0.296,0.277,0.374,0.279,0.240,0.411,0.495,1.873,0.602,0.737,1.432,0.206,0.717,0.291,0.587,0.737,0.540,0.502,0.233,0.838,0.683,0.328
2011-11-05 10:00:00,0.715,0.411,2.072,0.425,0.686,0.262,0.580,0.332,0.497,0.389,0.752,0.376,0.394,0.019,0.189,0.253,0.122,1.166,0.100,2.573,0.072,1.240,0.749,0.814,0.489,0.729,0.654,0.605,1.039,0.930,0.363,0.403,0.667,0.593,0.000,1.052,0.251,0.492,0.388,0.816,0.622,1.153,0.613,1.633,1.054,0.455,0.672,0.689,0.364,0.409,0.566,0.640,0.470,0.679,0.236,0.309,0.501,0.367,0.082,0.364,0.260,0.409,0.142,0.392,0.325,0.481,0.684,0.686,0.522,0.509,0.678,0.370,-0.016,0.758,0.597,0.195,0.941,0.116,0.316,0.320,0.439,0.296,0.216,0.465,0.542,2.278,0.690,0.714,1.698,0.321,0.710,0.281,0.577,0.761,0.547,0.518,0.222,0.935,0.793,0.183
2011-11-05 11:00:00,0.842,0.824,2.037,0.383,0.651,0.312,0.442,0.317,0.232,0.385,0.722,0.420,0.385,0.014,0.180,0.404,0.117,1.842,0.069,2.589,0.075,0.960,0.489,0.612,0.275,0.667,0.602,0.542,1.214,0.936,0.375,0.354,0.821,0.696,0.000,1.323,0.354,0.653,0.296,0.911,0.612,1.453,0.783,1.798,0.975,0.433,0.552,0.408,0.324,0.255,0.489,0.489,0.488,0.607,0.195,0.200,0.441,0.366,0.009,0.332,0.234,0.164,0.238,0.333,0.445,0.325,0.568,1.027,0.496,0.610,0.635,0.506,-0.025,0.839,0.649,0.166,0.987,0.121,0.321,0.312,0.505,0.286,0.230,0.435,0.537,2.458,0.734,0.736,1.949,0.372,0.716,0.298,0.590,0.670,0.557,0.519,0.248,1.184,0.963,0.212
2011-11-05 12:00:00,0.797,1.017,1.991,0.490,0.645,0.498,0.557,0.373,0.321,0.536,0.726,0.571,0.457,0.016,0.406,0.711,0.099,2.188,0.023,2.912,0.080,1.073,0.499,0.808,0.080,0.973,0.657,0.916,1.587,1.010,0.545,0.433,1.062,0.863,0.000,1.952,0.497,0.777,0.297,0.854,0.530,1.781,1.332,1.700,0.959,0.579,0.545,0.513,0.274,0.143,0.586,0.453,0.474,0.334,0.256,0.177,0.423,0.240,0.029,0.354,0.205,0.056,0.214,0.315,0.669,0.305,0.712,1.303,0.617,0.400,0.753,0.638,-0.034,0.920,0.740,0.163,0.884,0.146,0.379,0.260,0.552,0.281,0.337,0.388,0.626,2.546,0.790,0.752,2.171,0.422,0.812,0.326,0.625,0.629,0.621,0.542,0.211,1.358,1.030,0.361
2011-11-05 13:00:00,0.948,0.968,1.897,0.582,0.842,0.617,0.627,0.443,0.664,0.450,0.773,0.630,0.474,0.010,0.558,0.970,0.087,2.471,0.011,3.005,0.105,1.508,0.553,1.014,0.237,1.319,0.749,1.223,1.887,1.134,0.702,0.438,1.296,0.991,0.000,2.077,0.668,0.903,0.292,0.883,0.691,2.028,1.642,1.604,0.947,0.788,0.558,0.567,0.206,0.150,0.463,0.440,0.424,0.156,0.205,0.117,0.427,0.532,-0.009,0.374,0.176,0.237,0.187,0.234,0.865,0.254,0.870,1.446,0.788,0.586,0.837,0.822,-0.044,1.069,0.726,0.186,0.902,0.123,0.400,0.229,0.696,0.292,0.420,0.376,0.784,2.599,0.876,0.775,2.565,0.465,0.861,0.373,0.689,0.650,0.684,0.626,0.231,1.506,0.916,0.678
2011-11-05 14:00:00,1.093,1.076,2.009,0.622,1.096,0.741,0.940,0.581,0.745,0.682,0.945,0.774,0.563,0.086,0.829,1.143,0.082,2.615,0.019,3.286,0.089,2.027,0.614,1.343,0.377,1.666,0.862,1.743,1.979,1.252,0.759,0.526,1.741,1.192,0.000,2.365,0.802,1.032,0.332,1.045,1.062,2.186,2.018,1.507,0.871,1.054,0.632,0.640,0.138,0.138,0.198,0.467,0.350,0.083,0.234,0.042,0.473,0.644,0.029,0.480,0.163,0.384,0.125,0.204,0.939,0.381,0.925,1.552,0.966,1.065,0.989,1.010,-0.052,1.231,0.747,0.203,1.042,0.123,0.429,0.292,0.794,0.280,0.591,0.374,0.928,2.681,1.049,0.859,2.755,0.494,0.948,0.402,0.770,0.744,0.883,0.732,0.240,1.754,0.877,1.155
2011-11-05 15:00:00,1.217,0.955,2.151,0.641,1.247,0.753,1.187,0.662,0.898,0.971,0.921,0.875,0.529,0.155,0.989,1.217,0.080,2.817,0.029,3.474,0.081,2.529,0.726,1.630,0.573,1.660,1.144,1.750,2.053,1.391,0.830,0.647,2.364,1.375,0.000,2.624,0.907,1.133,0.386,1.481,1.493,2.274,2.266,1.639,0.819,1.228,0.741,0.673,0.257,0.198,0.207,0.594,0.256,0.160,0.256,0.220,0.458,0.666,0.165,0.464,0.217,0.378,0.249,0.300,1.144,0.578,1.098,1.596,1.144,1.074,1.252,1.214,-0.050,1.439,0.871,0.219,1.194,0.190,0.469,0.353,0.872,0.323,0.680,0.440,1.028,2.779,1.317,1.058,2.824,0.537,1.064,0.408,0.811,0.801,1.074,0.868,0.294,1.874,0.904,1.800
2011-11-05 16:00:00,1.575,1.309,2.142,0.695,1.309,0.870,1.454,0.787,0.890,1.185,0.943,0.946,0.572,0.263,1.089,1.303,0.091,2.793,0.033,3.729,0.065,2.805,0.948,1.977,0.694,1.694,1.272,1.697,2.098,1.489,0.871,0.696,2.914,1.530,0.000,2.905,1.074,1.195,0.471,1.658,1.894,2.361,2.424,1.729,0.855,1.380,0.706,0.714,0.425,0.220,0.220,0.611,0.272,0.180,0.281,0.360,0.412,0.478,0.285,0.425,0.219,0.328,0.373,0.373,1.461,0.606,1.052,1.652,1.266,1.261,1.388,1.418,-0.081,1.674,1.206,0.248,1.555,0.265,0.522,0.545,0.909,0.439,0.855,0.616,1.199,3.002,1.611,1.468,2.836,0.545,1.242,0.421,0.891,0.910,1.200,1.187,0.363,1.864,1.187,1.991
2011-11-05 17:00:00,1.702,1.264,2.071,0.668,1.398,0.861,1.562,0.819,0.881,1.457,0.786,1.118,0.511,0.348,1.114,1.203,0.122,2.580,0.058,3.948,0.066,2.867,1.064,2.175,0.957,1.771,1.321,1.526,2.064,1.478,0.895,0.753,3.089,1.556,0.000,2.802,1.098,1.221,0.482,1.998,2.279,2.332,2.310,1.689,0.877,1.505,0.786,0.847,0.612,0.469,0.289,0.719,0.551,0.153,0.393,0.470,0.568,0.835,0.353,0.273,0.254,0.479,0.609,0.403,1.778,0.598,1.195,1.567,1.409,1.573,1.244,1.509,-0.020,1.812,1.351,0.268,1.567,0.340,0.589,0.706,0.824,0.518,0.988,0.702,1.278,2.954,1.785,1.828,2.954,0.538,1.361,0.448,1.041,0.969,1.244,1.458,0.432,1.726,1.456,2.209
2011-11-05 18:00:00,1.787,1.021,1.782,0.602,1.458,0.780,1.570,0.788,0.721,1.551,0.561,1.059,0.536,0.384,1.164,1.135,0.161,2.156,0.102,3.952,0.059,2.645,1.242,2.276,1.158,2.085,1.172,1.462,2.156,1.477,0.819,0.718,3.265,1.431,0.000,2.746,1.033,1.198,0.603,2.117,2.448,1.973,2.006,1.545,0.881,1.506,0.959,1.076,0.735,0.768,0.376,0.886,0.779,0.184,0.397,0.507,0.631,1.445,0.449,0.420,0.278,0.864,0.696,0.516,2.427,0.527,1.293,1.333,1.508,1.426,0.883,1.487,0.698,1.805,1.428,0.290,1.692,0.332,0.556,0.790,0.724,0.608,1.050,0.707,1.228,2.718,1.827,1.706,2.886,0.473,1.428,0.388,1.142,0.959,1.176,1.377,0.411,1.556,1.692,2.789
2011-11-05 19:00:00,2.013,1.003,1.822,0.625,1.593,0.686,1.577,0.781,0.756,1.533,0.538,0.963,0.651,0.442,1.095,0.941,0.186,1.694,0.124,3.811,0.055,2.522,1.417,2.399,1.542,2.375,1.161,1.271,2.026,1.475,0.733,0.736,3.287,1.342,0.000,2.473,0.951,1.143,0.587,2.323,2.344,1.688,1.696,1.510,1.011,1.563,1.013,1.328,0.783,0.963,0.557,0.893,0.892,0.438,0.388,0.575,0.643,1.411,0.390,0.499,0.281,0.983,0.637,0.402,2.676,0.582,1.231,1.208,1.578,1.532,1.171,1.393,0.712,1.701,1.484,0.305,1.649,0.331,0.548,0.872,0.630,0.656,0.881,0.756,1.171,2.530,1.879,1.777,2.752,0.480,1.442,0.345,1.131,0.956,1.182,1.402,0.389,1.231,1.846,2.497
2011-11-05 20:00:00,2.148,0.683,2.061,0.631,1.702,0.732,1.810,0.917,0.913,1.525,0.569,0.953,0.716,0.585,0.945,0.744,0.182,1.430,0.138,3.499,0.085,2.139,1.691,2.434,2.160,2.607,1.383,1.035,2.414,1.502,0.633,0.863,3.343,1.275,0.000,2.095,0.886,1.100,0.600,2.622,2.187,1.533,1.518,1.564,1.146,1.508,0.949,1.164,0.830,0.997,0.528,0.998,0.734,0.431,0.354,0.472,0.489,1.113,0.413,0.648,0.278,0.997,0.609,0.539,2.651,0.836,1.058,0.957,1.640,1.666,1.358,1.240,0.783,1.647,1.441,0.324,1.640,0.357,0.566,1.019,0.626,0.766,0.754,0.749,1.099,2.349,1.932,1.776,2.926,0.435,1.442,0.300,1.067,0.928,1.145,1.527,0.397,1.026,2.085,1.646
2011-11-05 21:00:00,1.815,0.520,2.018,0.613,1.631,0.549,1.788,0.956,1.119,1.432,0.461,1.100,0.499,0.590,0.597,0.462,0.183,1.001,0.167,3.076,0.093,1.791,1.924,2.035,2.471,2.129,1.321,0.912,2.347,1.231,0.410,0.774,3.194,1.045,0.000,1.894,0.754,1.051,0.705,2.021,2.006,1.231,1.159,1.506,1.240,1.417,0.812,1.178,0.908,0.925,0.560,1.093,0.678,0.474,0.371,0.472,0.470,0.838,0.388,0.584,0.329,0.925,0.703,0.622,1.726,0.846,0.734,0.975,1.478,1.654,1.004,1.151,0.791,1.527,1.251,0.330,1.514,0.465,0.528,1.002,0.631,0.795,0.650,0.700,1.018,2.168,1.901,1.664,2.921,0.522,1.351,0.275,1.064,0.837,1.101,1.451,0.349,0.896,2.118,1.114
2011-11-05 22:00:00,1.753,0.306,1.828,0.510,1.378,0.433,1.672,0.904,1.220,1.185,0.494,1.148,0.377,0.566,0.365,0.434,0.193,0.555,0.186,2.461,0.099,1.917,1.881,1.599,2.251,1.499,0.933,0.931,2.112,1.013,0.260,0.676,3.064,0.823,0.000,1.666,0.643,0.968,0.695,1.593,1.769,1.198,0.897,1.507,1.274,1.492,0.685,1.069,0.910,1.022,0.597,1.115,0.635,0.482,0.272,0.349,0.428,0.887,0.366,0.401,0.325,0.623,0.439,0.680,1.048,0.802,0.423,1.181,1.282,1.323,0.778,1.027,0.846,1.400,1.135,0.364,1.282,0.411,0.560,0.926,0.643,0.771,0.560,0.663,0.915,1.859,1.758,1.493,2.752,0.533,1.225,0.229,0.992,0.714,0.930,1.360,0.301,0.716,2.001,0.717
2011-11-05 23:00:00,1.309,0.356,1.752,0.368,1.471,0.464,1.586,0.819,1.050,1.242,0.462,1.313,0.500,0.607,0.330,0.338,0.201,0.598,0.193,2.272,0.101,1.521,1.713,1.234,1.997,1.461,1.157,0.952,2.163,1.038,0.274,0.679,2.893,0.727,0.000,1.352,0.579,0.889,0.657,1.090,1.374,1.185,0.854,1.545,1.283,1.355,0.451,0.844,0.788,0.829,0.719,1.111,0.636,0.523,0.164,0.206,0.320,0.771,0.281,0.273,0.341,0.459,0.386,0.642,0.988,0.712,0.299,1.242,1.072,1.054,0.842,0.900,0.830,1.243,1.083,0.420,1.008,0.223,0.542,0.856,0.667,0.762,0.396,0.622,0.791,1.622,1.602,1.235,2.695,0.602,1.019,0.209,0.851,0.622,0.739,1.363,0.237,0.599,1.839,0.532
2011-11-06 00:00:00,1.195,0.281,1.353,0.288,1.088,0.380,1.259,0.663,0.912,0.936,0.181,1.191,0.380,0.530,0.130,0.300,0.212,0.282,0.184,1.865,0.092,0.974,1.305,0.794,1.555,1.137,0.914,0.821,2.115,0.973,0.358,0.524,2.413,0.561,0.000,1.242,0.458,0.732,0.555,0.803,0.969,1.092,0.780,1.683,1.243,1.152,0.481,0.922,0.594,0.680,0.643,0.964,0.512,0.452,0.213,0.308,0.232,0.634,0.187,0.337,0.252,0.513,0.278,0.408,0.548,0.410,0.142,1.240,0.769,0.589,0.505,0.709,0.823,1.065,0.937,0.400,0.742,0.077,0.507,0.676,0.679,0.726,0.373,0.545,0.585,1.250,1.377,0.955,2.502,0.587,0.868,0.254,0.715,0.537,0.534,1.132,0.193,0.617,1.448,0.307
2011-11-06 01:00:00,0.527,0.094,0.974,0.158,0.682,0.477,0.973,0.510,0.941,0.592,0.227,1.073,0.280,0.371,0.053,0.349,0.199,0.077,0.170,1.586,0.081,0.949,0.771,0.676,0.753,0.936,0.766,0.903,1.811,0.871,0.333,0.421,2.079,0.412,0.000,0.684,0.376,0.579,0.441,0.851,0.741,1.036,0.914,1.593,1.171,1.016,0.337,0.670,0.460,0.368,0.444,0.832,0.320,0.092,0.183,0.244,0.139,0.632,0.091,0.117,0.180,0.384,0.335,0.373,0.199,0.142,0.135,1.187,0.512,0.228,0.486,0.583,0.837,0.970,0.720,0.417,0.581,0.023,0.443,0.470,0.595,0.652,0.370,0.428,0.445,0.978,1.206,0.807,2.151,0.597,0.687,0.258,0.557,0.480,0.415,0.945,0.183,0.578,1.158,0.272
2011-11-06 02:00:00,0.328,-0.067,0.922,0.133,0.553,0.326,0.717,0.394,0.932,0.319,0.182,0.987,0.247,0.282,0.024,0.411,0.185,0.121,0.156,1.432,0.058,0.971,0.348,0.647,0.110,1.018,0.913,0.808,1.524,0.849,0.364,0.348,1.640,0.378,0.000,0.589,0.348,0.459,0.325,0.680,0.627,1.054,1.009,1.240,1.140,0.819,0.282,0.596,0.407,0.125,0.281,0.835,0.285,-0.050,0.236,0.284,0.210,0.877,0.037,0.102,0.179,0.448,0.322,0.362,0.084,-0.033,0.229,0.863,0.446,0.044,0.405,0.503,0.829,0.986,0.551,0.425,0.535,0.041,0.415,0.306,0.590,0.551,0.321,0.373,0.394,0.751,1.032,0.698,1.954,0.492,0.616,0.271,0.373,0.443,0.403,0.935,0.200,0.604,0.934,0.292
2011-11-06 03:00:00,0.119,0.044,1.082,0.171,0.697,0.280,0.699,0.396,0.849,0.452,0.130,0.873,0.007,0.238,0.111,0.204,0.180,0.175,0.151,1.633,0.047,0.964,0.327,0.751,-0.324,1.066,1.352,0.722,0.786,1.005,0.381,0.345,1.360,0.427,0.000,0.705,0.340,0.398,0.312,0.956,0.493,1.055,0.973,0.845,1.020,0.632,0.367,0.573,0.378,0.243,0.213,0.819,0.334,0.076,0.239,0.268,0.201,0.731,0.016,0.069,0.185,0.398,0.365,0.358,0.107,-0.083,0.397,0.648,0.540,0.082,-0.087,0.429,0.839,0.978,0.589,0.394,0.564,0.050,0.375,0.168,0.545,0.498,0.345,0.334,0.403,0.802,0.861,0.703,1.813,0.399,0.570,0.279,0.347,0.439,0.424,0.829,0.229,0.715,0.677,0.456
2011-11-06 04:00:00,0.579,0.266,1.199,0.265,0.593,0.218,0.668,0.340,0.718,0.721,0.146,0.828,-0.004,0.210,0.247,0.122,0.176,0.293,0.128,1.832,0.032,1.305,0.287,1.068,-0.296,0.812,1.570,0.670,0.725,1.096,0.226,0.376,0.983,0.468,0.000,0.415,0.293,0.323,0.296,0.781,0.461,1.023,0.815,0.647,0.941,0.547,0.477,0.658,0.429,0.179,0.347,0.865,0.361,0.180,0.274,0.164,0.205,0.783,0.090,0.034,0.184,0.297,0.423,0.375,0.184,0.128,0.648,0.525,0.661,0.128,0.157,0.399,0.821,0.953,0.651,0.380,0.685,0.080,0.385,0.112,0.456,0.458,0.488,0.346,0.439,1.043,0.760,0.716,1.650,0.309,0.542,0.289,0.339,0.467,0.459,0.763,0.277,0.757,0.646,1.300
2011-11-06 05:00:00,0.501,0.357,1.233,0.306,0.441,0.292,0.674,0.289,0.538,0.795,0.040,0.707,-0.051,0.192,0.328,0.201,0.163,0.459,0.113,2.145,0.030,1.430,0.317,1.233,-0.378,0.401,1.308,0.466,0.349,1.090,0.137,0.362,0.891,0.578,0.000,0.520,0.288,0.269,0.342,0.799,0.573,0.933,0.697,0.594,0.919,0.523,0.578,0.786,0.485,0.233,0.395,0.904,0.426,0.249,0.344,0.250,0.333,0.772,0.130,0.222,0.185,0.553,0.383,0.243,0.366,0.134,0.754,0.181,0.648,0.118,0.427,0.396,0.858,0.910,0.740,0.339,0.827,0.097,0.325,0.157,0.350,0.414,0.557,0.352,0.519,1.176,0.710,0.797,1.354,0.222,0.641,0.298,0.298,0.450,0.476,0.698,0.292,0.668,0.587,1.666
2011-11-06 06:00:00,0.663,0.227,1.255,0.319,0.731,0.220,0.771,0.280,0.078,0.673,0.125,0.552,0.105,0.232,0.351,0.184,0.192,0.518,0.120,2.357,0.052,1.176,0.624,1.348,-0.211,0.619,1.384,0.216,0.284,1.058,0.150,0.348,0.840,0.580,0.000,0.712,0.283,0.257,0.409,1.072,0.690,1.068,0.548,0.860,0.974,0.429,0.576,0.729,0.468,0.310,0.374,0.749,0.403,0.188,0.307,0.249,0.326,0.979,0.105,0.283,0.190,0.626,0.503,0.356,0.719,0.212,1.010,0.291,0.501,0.371,0.229,0.336,0.784,0.933,0.662,0.316,1.058,0.123,0.381,0.263,0.375,0.440,0.569,0.412,0.504,1.435,0.684,0.926,1.447,0.148,0.701,0.377,0.385,0.497,0.503,0.701,0.372,0.623,0.636,1.122
2011-11-06 07:00:00,0.789,0.159,1.418,0.353,0.796,0.208,0.635,0.272,-0.108,0.538,0.158,0.285,0.216,0.186,0.255,0.095,0.208,0.460,0.106,2.531,0.065,0.972,0.746,1.302,0.258,0.616,1.696,0.389,0.745,1.005,0.349,0.336,0.889,0.610,0.000,0.622,0.300,0.324,0.426,1.029,0.739,0.936,0.660,1.432,1.002,0.479,0.621,0.834,0.416,0.339,0.437,0.728,0.638,0.238,0.268,0.400,0.429,1.184,0.120,0.257,0.222,0.764,0.632,0.451,0.860,0.115,1.068,0.309,0.377,0.510,0.228,0.341,0.683,0.995,0.644,0.292,1.247,0.158,0.376,0.399,0.430,0.482,0.524,0.442,0.545,1.841,0.734,0.868,1.508,0.123,0.798,0.326,0.516,0.443,0.600,0.654,0.363,0.769,0.794,0.953
2011-11-06 08:00:00,0.752,0.249,1.963,0.578,0.845,0.368,0.697,0.349,0.207,0.653,0.416,0.237,0.402,0.163,0.240,0.230,0.189,0.151,0.066,2.559,0.086,1.301,1.056,1.530,0.846,0.630,1.913,0.462,0.990,1.011,0.552,0.533,0.936,0.700,0.000,1.180,0.325,0.397,0.488,1.114,0.810,1.231,0.883,1.904,1.046,0.587,0.667,0.795,0.337,0.476,0.421,0.646,0.519,0.341,0.226,0.365,0.504,0.936,0.173,0.289,0.234,0.777,0.454,0.363,0.893,0.294,0.952,0.401,0.505,0.538,0.509,0.461,0.033,1.057,0.639,0.243,1.464,0.136,0.430,0.528,0.510,0.456,0.543,0.485,0.624,2.170,0.823,0.865,1.773,0.141,0.897,0.318,0.654,0.572,0.595,0.693,0.388,0.723,0.932,1.041
2011-11-06 09:00:00,0.777,0.345,2.282,0.639,0.886,0.511,0.801,0.412,0.536,0.471,0.846,0.291,0.452,0.156,0.169,0.310,0.126,0.159,0.034,2.524,0.084,1.321,1.079,1.472,1.185,0.897,1.822,0.751,1.343,1.041,0.675,0.640,0.957,0.793,0.000,1.338,0.379,0.500,0.483,1.152,0.804,1.325,1.205,2.040,1.123,0.602,0.638,0.745,0.328,0.478,0.619,0.611,0.485,0.464,0.169,0.301,0.546,0.549,0.100,0.271,0.247,0.560,0.297,0.392,0.598,0.526,0.782,0.595,0.647,0.870,0.867,0.604,0.028,0.982,0.641,0.198,1.659,0.102,0.421,0.567,0.635,0.508,0.455,0.417,0.649,2.368,0.918,0.816,2.054,0.206,0.895,0.336,0.699,0.636,0.597,0.680,0.342,0.977,0.961,0.639
2011-11-06 10:00:00,0.736,0.252,2.567,0.705,1.052,0.438,1.049,0.528,0.584,0.503,1.064,0.433,0.545,0.175,0.292,0.550,0.102,0.521,0.016,2.728,0.088,1.593,1.099,1.317,1.047,1.249,1.819,1.056,1.488,1.138,0.600,0.706,0.965,0.820,0.000,1.817,0.469,0.559,0.416,1.651,0.888,1.684,1.565,2.012,1.052,0.744,0.606,0.715,0.329,0.443,0.612,0.669,0.424,0.569,0.138,0.237,0.498,0.765,0.021,0.269,0.243,0.385,0.258,0.414,0.433,0.760,0.786,0.889,0.708,0.788,0.931,0.814,0.051,1.058,0.736,0.214,1.456,0.097,0.444,0.529,0.853,0.550,0.413,0.415,0.587,2.815,1.026,0.753,2.257,0.305,0.953,0.362,0.734,0.656,0.568,0.707,0.345,1.108,1.031,0.367
2011-11-06 11:00:00,0.768,0.475,2.709,0.631,0.964,0.704,1.034,0.539,0.650,0.653,1.114,0.481,0.490,0.164,0.394,0.697,0.078,1.047,0.009,2.892,0.090,1.740,0.954,1.215,0.817,1.144,1.756,1.111,1.837,1.208,0.592,0.698,1.238,0.916,0.000,2.090,0.642,0.707,0.378,2.038,0.981,2.036,1.823,2.157,0.981,0.837,0.485,0.586,0.340,0.335,0.493,0.607,0.398,0.426,0.110,0.130,0.437,0.620,-0.007,0.116,0.214,0.209,0.295,0.411,0.563,0.639,0.780,1.316,0.841,0.650,0.834,1.040,0.044,1.137,0.829,0.240,1.484,0.089,0.459,0.489,1.100,0.630,0.430,0.412,0.673,3.304,1.126,0.845,2.391,0.405,0.812,0.349,0.737,0.649,0.651,0.831,0.343,1.383,1.097,0.537
2011-11-06 12:00:00,0.896,0.711,2.624,0.686,0.833,0.770,1.004,0.533,0.741,0.798,1.044,0.536,0.469,0.135,0.627,1.027,0.058,1.767,-0.011,2.894,0.080,1.664,0.711,1.208,0.531,1.221,2.014,1.270,1.886,1.232,0.650,0.691,1.254,1.028,0.000,2.852,0.727,0.810,0.309,2.070,1.085,2.453,2.061,2.074,0.946,0.796,0.503,0.605,0.314,0.316,0.461,0.614,0.319,0.172,0.128,0.089,0.450,0.370,0.064,0.129,0.207,0.236,0.299,0.354,0.623,0.527,0.680,1.501,0.976,0.614,1.116,1.231,0.037,1.383,0.844,0.235,1.371,0.116,0.454,0.498,1.272,0.582,0.592,0.434,0.747,3.497,1.128,0.905,2.726,0.475,0.810,0.400,0.735,0.708,0.689,0.904,0.315,1.722,1.109,0.815
2011-11-06 13:00:00,1.309,0.946,2.559,0.735,1.209,1.021,1.448,0.699,0.664,0.985,1.185,0.678,0.607,0.263,0.989,1.217,0.056,2.331,0.002,3.584,0.094,2.399,0.791,1.738,0.443,1.954,1.967,1.492,2.536,1.537,0.874,0.822,1.486,1.129,0.000,2.912,0.877,0.919,0.316,2.433,1.148,2.729,2.402,1.841,0.926,0.976,0.562,0.664,0.281,0.379,0.405,0.604,0.339,0.037,0.143,0.153,0.499,0.582,0.102,0.145,0.183,0.390,0.283,0.324,1.210,0.610,0.859,1.855,1.272,0.617,1.538,1.426,0.029,1.496,0.942,0.264,1.430,0.133,0.488,0.394,1.427,0.560,0.666,0.471,0.810,3.553,1.211,1.046,3.103,0.517,0.796,0.442,0.772,0.745,0.805,0.943,0.308,1.924,1.192,1.201
2011-11-06 14:00:00,1.751,1.043,2.606,0.784,1.710,1.161,1.965,0.932,0.854,1.199,1.202,0.831,0.745,0.448,1.291,1.265,0.079,2.851,0.027,3.885,0.089,3.090,1.094,2.170,0.938,2.266,2.142,1.895,2.933,1.707,1.217,0.934,2.253,1.333,0.000,3.104,1.027,1.039,0.288,2.389,1.476,2.927,2.636,1.715,0.796,1.214,0.675,0.703,0.239,0.379,0.361,0.591,0.383,0.126,0.169,0.221,0.555,0.668,0.161,0.246,0.192,0.446,0.333,0.373,1.724,0.723,1.090,2.077,1.508,1.100,1.442,1.624,0.011,1.724,1.128,0.313,1.340,0.180,0.561,0.490,1.550,0.598,0.693,0.570,1.007,3.504,1.432,1.245,3.480,0.540,0.886,0.491,0.837,0.900,1.028,1.188,0.401,2.003,1.251,1.838
2011-11-06 15:00:00,1.654,1.058,2.753,0.866,1.685,1.216,2.075,1.103,1.292,1.449,1.179,1.058,0.642,0.483,1.377,1.504,0.088,2.888,0.036,3.802,0.113,3.563,1.342,2.313,1.490,2.060,2.314,2.361,3.237,1.706,1.556,1.011,2.848,1.454,0.000,3.202,1.047,1.122,0.364,2.613,1.778,2.809,2.734,1.530,0.740,1.389,0.783,0.743,0.271,0.341,0.323,0.715,0.384,0.174,0.220,0.257,0.616,0.819,0.268,0.328,0.212,0.462,0.344,0.521,1.518,0.865,1.044,2.039,1.752,1.394,1.473,1.641,0.017,1.886,1.230,0.325,1.504,0.228,0.582,0.641,1.600,0.625,0.803,0.626,1.050,3.290,1.608,1.409,3.300,0.565,0.943,0.458,0.895,1.179,1.117,1.368,0.404,1.937,1.286,2.315
2011-11-06 16:00:00,1.751,1.437,2.799,1.033,1.985,1.360,2.358,1.266,1.776,1.697,1.532,1.227,0.745,0.600,1.548,1.809,0.082,2.955,0.052,4.147,0.119,4.300,1.780,2.646,1.801,2.444,2.288,2.759,3.217,1.950,1.504,1.196,3.332,1.535,0.000,3.088,1.061,1.123,0.381,3.037,2.105,2.772,2.762,1.461,0.849,1.537,0.798,0.772,0.385,0.439,0.342,0.759,0.406,0.244,0.254,0.417,0.629,0.859,0.283,0.399,0.244,0.479,0.420,0.441,1.780,1.000,1.079,2.064,2.159,1.840,1.807,1.656,-0.008,2.260,1.344,0.354,1.492,0.246,0.642,0.714,1.569,0.700,0.918,0.667,1.165,3.348,1.838,1.796,3.320,0.590,1.088,0.467,0.968,1.576,1.279,1.403,0.449,1.916,1.453,2.279
2011-11-06 17:00:00,2.104,1.578,2.751,1.083,2.289,1.164,2.477,1.273,1.484,1.991,1.414,1.344,0.853,0.741,1.696,1.598,0.107,2.699,0.062,4.113,0.105,4.718,1.813,2.773,2.016,2.728,2.735,2.908,3.333,2.045,1.073,1.184,3.569,1.609,0.000,3.028,1.079,1.026,0.524,3.057,2.313,2.615,2.563,1.416,0.932,1.600,0.784,0.791,0.578,0.624,0.385,0.882,0.558,0.241,0.294,0.425,0.637,0.871,0.261,0.308,0.282,0.551,0.495,0.626,2.125,0.892,1.246,2.013,2.382,1.982,1.836,1.590,0.042,2.420,1.517,0.360,1.684,0.306,0.636,0.805,1.367,0.757,1.029,0.765,1.244,3.262,2.088,2.186,3.177,0.572,1.247,0.489,1.060,1.652,1.292,1.466,0.461,1.644,1.665,2.450
2011-11-06 18:00:00,2.000,1.193,2.707,0.957,2.136,1.221,2.482,1.227,1.627,2.212,1.150,1.355,0.840,0.812,1.856,1.443,0.156,2.317,0.102,4.483,0.098,4.720,1.898,2.930,1.977,2.759,2.376,2.726,3.278,1.985,0.753,1.181,3.581,1.560,0.000,2.957,1.051,0.932,0.564,3.018,2.392,2.326,2.215,1.369,1.008,1.480,0.812,0.847,0.893,0.758,0.463,1.011,0.622,0.292,0.336,0.418,0.674,1.026,0.270,0.360,0.309,0.739,0.525,0.506,2.821,0.940,1.294,1.803,2.421,1.937,1.608,1.459,0.781,2.233,1.601,0.387,1.676,0.296,0.636,0.866,1.081,0.823,1.004,0.763,1.348,3.004,2.258,2.309,3.197,0.536,1.296,0.478,1.126,1.577,1.312,1.526,0.485,1.415,1.861,3.029
2011-11-06 19:00:00,1.636,0.900,2.253,0.838,1.654,0.942,1.694,0.969,1.416,1.922,0.851,1.194,0.642,0.636,1.512,1.083,0.177,1.635,0.115,3.837,0.071,3.730,1.521,2.647,1.742,2.421,1.737,2.101,2.885,1.632,0.568,0.885,3.397,1.251,0.000,2.480,0.853,0.793,0.612,2.302,2.276,1.850,1.808,1.356,1.077,1.299,0.862,0.924,1.017,0.904,0.563,1.017,0.584,0.482,0.353,0.395,0.653,1.146,0.267,0.529,0.295,0.925,0.471,0.367,2.738,0.610,1.219,1.228,2.268,1.720,1.247,1.206,0.799,2.008,1.476,0.395,1.553,0.298,0.571,0.787,0.797,0.848,0.901,0.742,1.241,2.691,2.233,2.246,2.945,0.496,1.361,0.398,1.135,1.361,1.138,1.461,0.413,1.180,1.894,2.511
2011-11-06 20:00:00,1.837,0.896,2.513,0.853,1.944,0.841,1.989,1.025,1.386,1.811,0.862,1.119,0.796,0.765,1.512,0.729,0.180,1.208,0.113,3.733,0.065,3.774,1.701,3.017,1.773,2.967,1.572,1.612,2.631,1.616,0.564,0.964,3.440,1.138,0.000,2.236,0.814,0.764,0.519,2.107,2.073,1.614,1.535,1.469,1.184,1.281,0.781,0.862,0.967,0.924,0.606,0.963,0.628,0.458,0.333,0.318,0.642,0.928,0.263,0.473,0.301,0.947,0.602,0.485,3.079,0.745,1.271,1.140,2.230,1.757,1.253,1.015,0.870,1.787,1.424,0.391,1.331,0.273,0.525,0.757,0.572,0.940,0.842,0.740,1.244,2.417,2.238,1.928,2.911,0.454,1.407,0.337,1.068,1.130,1.031,1.430,0.366,0.859,2.066,1.686
2011-11-06 21:00:00,1.725,0.451,2.222,0.718,1.961,0.580,1.806,1.001,1.438,1.754,0.434,1.096,0.429,0.747,1.151,0.207,0.188,1.136,0.157,3.366,0.070,2.898,1.544,2.536,2.308,2.518,1.629,1.096,2.304,1.444,0.623,0.702,3.294,0.907,0.000,1.613,0.657,0.738,0.555,1.595,1.724,1.366,1.139,1.441,1.211,1.175,0.725,0.885,0.881,0.904,0.636,1.041,0.671,0.426,0.354,0.342,0.593,0.805,0.337,0.533,0.309,0.883,0.746,0.518,2.411,0.769,1.216,0.834,1.885,1.586,1.340,0.874,0.895,1.462,1.184,0.375,1.316,0.292,0.515,0.698,0.455,0.998,0.781,0.721,1.092,1.773,2.029,1.696,2.780,0.412,1.389,0.297,1.008,0.889,0.871,1.354,0.314,0.648,2.109,1.229
2011-11-06 22:00:00,1.194,0.314,1.904,0.633,1.343,0.410,1.590,0.943,1.215,1.356,0.454,1.149,0.376,0.608,0.821,0.332,0.203,0.375,0.188,2.796,0.079,2.747,1.550,1.995,2.153,1.248,0.802,0.909,1.864,1.119,0.624,0.462,3.233,0.717,0.000,1.239,0.529,0.775,0.540,1.003,1.431,1.122,0.846,1.428,1.219,1.193,0.586,0.828,0.794,0.892,0.609,1.124,0.646,0.431,0.280,0.331,0.435,0.929,0.375,0.402,0.327,0.747,0.600,0.597,1.029,0.836,0.701,0.834,1.478,1.304,0.958,0.755,0.859,1.298,1.084,0.385,1.083,0.287,0.479,0.650,0.339,1.063,0.605,0.598,0.949,1.626,1.769,1.438,2.805,0.449,1.321,0.245,0.974,0.578,0.681,1.218,0.224,0.626,2.068,0.916
2011-11-06 23:00:00,0.840,0.317,1.469,0.420,0.987,0.260,1.122,0.745,0.928,1.220,0.410,1.088,0.343,0.506,0.409,0.237,0.183,0.236,0.161,2.044,0.086,2.493,1.197,1.434,1.561,0.694,0.253,0.485,1.082,1.021,0.118,0.255,3.097,0.490,0.000,0.880,0.397,0.675,0.522,0.832,1.135,0.986,0.687,1.396,1.236,1.128,0.494,0.785,0.639,0.729,0.596,1.115,0.517,0.417,0.238,0.337,0.240,1.160,0.356,0.329,0.308,0.549,0.401,0.619,0.740,0.516,0.415,1.038,1.052,0.997,0.916,0.738,0.844,1.004,0.873,0.406,0.936,0.170,0.448,0.557,0.339,0.977,0.483,0.510,0.710,1.305,1.450,1.167,2.462,0.460,1.083,0.198,0.861,0.393,0.489,1.022,0.148,0.473,1.674,0.660
2011-11-07 00:00:00,0.624,0.200,0.938,0.283,0.916,0.144,0.827,0.542,0.220,0.793,0.119,0.830,0.367,0.449,0.238,0.372,0.181,-0.043,0.143,1.838,0.070,1.400,0.907,0.852,0.905,0.448,-0.024,0.339,1.138,0.902,0.032,-0.012,2.656,0.427,0.000,0.776,0.326,0.530,0.422,0.724,0.655,0.976,0.686,1.392,1.198,0.832,0.457,0.839,0.505,0.534,0.555,1.031,0.433,0.390,0.268,0.331,0.247,1.205,0.320,0.390,0.267,0.528,0.350,0.423,0.501,0.136,0.163,1.044,0.644,0.643,0.433,0.652,0.848,0.662,0.759,0.392,0.767,0.070,0.362,0.382,0.334,0.944,0.355,0.363,0.552,1.105,1.164,0.836,2.052,0.467,0.921,0.196,0.720,0.226,0.268,0.902,0.070,0.416,1.239,0.479
2011-11-07 01:00:00,0.341,-0.054,0.369,0.167,0.282,-0.006,0.142,0.229,0.156,0.392,-0.079,0.695,0.231,0.147,-0.020,0.161,0.187,-0.295,0.127,1.508,0.047,0.679,0.145,0.546,-0.183,-0.118,-0.348,0.202,0.672,0.604,-0.233,-0.221,1.739,0.017,0.000,0.334,0.118,0.178,0.339,0.174,0.010,0.729,0.631,0.983,1.095,0.418,0.405,0.769,0.416,0.344,0.436,0.979,0.374,0.249,0.251,0.221,0.164,1.049,0.217,0.281,0.216,0.533,0.308,0.375,0.080,-0.248,0.151,1.107,0.245,0.099,0.308,0.371,0.846,0.383,0.413,0.330,0.613,-0.059,0.170,-0.110,0.279,0.765,0.231,0.192,0.300,0.457,0.737,0.470,1.470,0.380,0.653,0.215,0.597,0.065,0.058,0.457,-0.026,0.327,0.450,0.218
2011-11-07 02:00:00,0.233,-0.034,0.525,0.116,0.218,0.199,0.130,0.195,0.117,0.415,0.230,0.491,0.441,0.142,0.089,0.360,0.166,-0.325,0.106,1.686,0.023,0.207,0.164,0.905,-0.555,0.358,-0.160,0.048,1.064,0.652,0.001,-0.095,1.269,0.143,0.000,0.425,0.176,0.094,0.348,0.280,-0.009,0.732,0.761,0.821,1.090,0.245,0.399,0.704,0.363,0.202,0.374,0.836,0.287,0.154,0.248,0.167,0.155,1.032,0.069,0.152,0.171,0.441,0.188,0.224,0.475,-0.186,0.204,0.849,0.381,0.092,0.447,0.250,0.873,0.495,0.434,0.320,0.519,0.028,0.105,-0.303,0.265,0.713,0.195,0.194,0.352,0.641,0.595,0.361,1.596,0.302,0.620,0.235,0.393,-0.041,0.108,0.323,0.021,0.401,0.144,0.418
2011-11-07 03:00:00,0.416,0.003,0.939,0.255,0.412,-0.046,0.005,0.233,0.289,0.301,0.077,0.416,0.099,0.085,-0.021,0.042,0.140,-0.184,0.099,1.800,0.031,0.063,-0.140,0.812,-0.767,0.617,0.291,-0.149,0.742,0.581,0.064,-0.088,1.078,0.378,0.000,0.602,0.216,0.094,0.349,0.835,0.147,0.757,0.818,0.651,1.007,0.170,0.447,0.668,0.350,0.141,0.401,0.789,0.412,0.144,0.265,0.162,0.188,1.118,-0.010,0.193,0.144,0.498,0.279,0.288,0.401,-0.251,0.298,0.736,0.366,0.209,0.546,0.260,0.857,0.545,0.305,0.285,0.782,0.111,0.096,-0.131,0.296,0.546,0.325,0.301,0.478,0.707,0.481,0.440,1.430,0.151,0.668,0.217,0.313,-0.068,0.296,0.439,0.089,0.482,0.267,0.746
2011-11-07 04:00:00,0.616,0.076,1.024,0.283,0.629,0.033,0.511,0.394,0.339,0.657,0.211,0.549,0.104,0.122,0.218,0.197,0.132,-0.034,0.105,2.056,0.033,0.393,0.166,0.957,-0.464,0.644,0.191,0.130,0.541,0.753,0.019,-0.036,0.885,0.657,0.000,0.671,0.211,0.206,0.371,1.220,0.382,0.757,0.726,0.466,0.966,0.377,0.551,0.644,0.318,0.150,0.363,0.728,0.541,0.193,0.316,0.165,0.189,0.607,0.014,0.190,0.170,0.472,0.467,0.342,0.314,0.221,0.435,0.656,0.580,0.383,0.339,0.219,0.831,0.649,0.325,0.238,0.889,0.185,0.174,0.018,0.318,0.590,0.511,0.362,0.568,0.927,0.439,0.553,1.384,0.118,0.676,0.209,0.373,0.039,0.405,0.586,0.129,0.548,0.553,1.487
2011-11-07 05:00:00,0.761,0.371,1.223,0.313,0.384,-0.013,0.495,0.357,0.476,0.940,0.166,0.662,0.122,0.087,0.210,0.244,0.111,0.265,0.081,2.139,0.047,0.835,0.123,0.969,-0.319,0.091,0.221,0.054,0.284,0.715,0.073,-0.019,1.044,0.646,0.000,0.560,0.199,0.274,0.389,1.047,0.654,1.016,0.488,0.431,0.964,0.644,0.609,0.698,0.320,0.249,0.332,0.806,0.500,0.284,0.308,0.223,0.325,0.371,0.137,0.345,0.189,0.519,0.286,0.324,0.412,0.219,0.499,0.767,0.491,0.504,0.740,0.369,0.847,0.651,0.522,0.231,0.946,0.197,0.236,0.220,0.370,0.605,0.712,0.450,0.541,1.000,0.621,0.695,1.201,0.104,0.719,0.256,0.521,0.170,0.426,0.662,0.155,0.508,0.631,1.691
2011-11-07 06:00:00,0.810,0.559,1.303,0.340,0.680,0.188,0.691,0.409,0.168,0.784,0.261,0.613,0.252,0.254,0.335,0.586,0.133,0.537,0.087,2.493,0.065,0.593,0.538,0.980,0.128,0.353,0.282,-0.019,0.700,0.978,0.058,0.124,1.014,0.858,0.000,0.752,0.287,0.389,0.419,0.919,0.770,1.091,0.398,0.720,0.951,0.668,0.609,0.628,0.345,0.312,0.445,0.776,0.406,0.325,0.285,0.279,0.341,1.029,0.182,0.344,0.221,0.660,0.512,0.342,1.016,0.336,0.536,0.812,0.632,0.540,0.605,0.501,0.790,0.691,0.765,0.227,1.102,0.178,0.276,0.425,0.392,0.614,0.607,0.416,0.539,1.481,0.718,0.768,1.592,0.151,0.758,0.330,0.620,0.351,0.386,0.743,0.201,0.499,0.830,1.224
2011-11-07 07:00:00,1.039,0.377,1.096,0.437,0.878,0.185,0.498,0.339,-0.191,0.700,0.249,0.485,0.313,0.158,0.266,0.530,0.158,0.557,0.102,2.482,0.071,0.322,0.484,1.029,0.313,0.529,0.551,0.312,0.706,0.971,0.323,0.019,1.414,0.858,0.000,1.132,0.226,0.426,0.446,1.133,0.710,0.910,0.643,1.344,1.033,0.577,0.651,0.670,0.377,0.334,0.415,0.727,0.423,0.325,0.319,0.300,0.463,1.142,0.252,0.528,0.225,0.889,0.841,0.400,1.184,0.050,0.906,1.085,0.650,0.614,0.608,0.555,0.665,0.764,0.726,0.230,1.059,0.163,0.318,0.514,0.363,0.732,0.530,0.356,0.627,1.674,0.839,0.789,1.657,0.233,0.828,0.348,0.845,0.495,0.392,0.660,0.264,0.595,0.965,0.930
2011-11-07 08:00:00,0.825,0.335,1.312,0.463,0.751,0.282,0.537,0.355,0.575,0.800,0.356,0.408,0.544,0.155,0.302,0.752,0.154,0.349,0.050,2.703,0.054,1.320,0.765,1.416,0.710,0.675,0.323,0.615,1.339,0.996,0.485,0.107,1.389,1.001,0.000,1.518,0.301,0.370,0.448,1.296,0.779,1.092,1.214,1.882,0.976,0.668,0.651,0.665,0.349,0.431,0.458,0.712,0.606,0.368,0.380,0.290,0.555,0.689,0.305,0.481,0.226,1.065,0.950,0.465,1.033,0.054,0.989,1.059,0.746,0.711,0.643,0.540,0.023,0.883,0.717,0.248,0.855,0.113,0.259,0.418,0.332,0.939,0.461,0.305,0.694,1.894,0.986,0.766,1.934,0.313,0.854,0.457,0.960,0.677,0.517,0.630,0.256,0.699,0.963,0.748
2011-11-07 09:00:00,0.543,0.215,1.751,0.531,0.800,0.389,0.301,0.348,1.075,0.545,0.643,0.240,0.368,0.072,0.201,0.624,0.111,0.366,0.033,2.315,0.071,0.966,0.596,1.285,0.729,0.987,0.761,0.653,0.767,0.941,0.525,0.167,1.225,1.086,0.000,1.936,0.292,0.300,0.469,1.858,0.716,1.103,1.375,1.722,1.042,0.510,0.665,0.630,0.343,0.505,0.530,0.686,0.609,0.472,0.344,0.300,0.463,0.397,0.297,0.663,0.245,0.878,0.500,0.384,0.766,-0.016,0.900,0.852,0.864,0.719,0.715,0.593,0.023,0.877,0.814,0.199,0.944,0.078,0.239,0.168,0.394,1.016,0.410,0.305,0.675,1.764,1.085,0.768,1.683,0.269,0.920,0.569,0.902,0.710,0.556,0.548,0.212,0.823,0.710,0.323
2011-11-07 10:00:00,0.671,0.379,1.997,0.636,0.898,0.261,0.482,0.414,1.015,0.605,0.948,0.314,0.449,0.066,0.365,0.687,0.107,0.373,0.028,2.730,0.048,1.587,0.501,1.290,0.518,1.353,1.032,0.898,1.261,1.076,0.470,0.181,0.927,0.954,0.000,1.796,0.353,0.378,0.452,1.959,0.665,1.170,1.191,1.328,1.031,0.347,0.600,0.608,0.322,0.468,0.575,0.634,0.580,0.535,0.217,0.232,0.357,0.440,0.217,0.624,0.232,0.426,0.414,0.337,0.486,0.374,0.759,0.969,1.200,0.810,0.698,0.595,0.034,0.974,0.806,0.194,0.944,0.127,0.210,-0.058,0.480,1.030,0.236,0.268,0.780,1.887,0.948,0.735,1.872,0.245,0.918,0.524,0.758,0.612,0.599,0.497,0.137,1.020,0.623,0.163
2011-11-07 11:00:00,1.172,0.576,2.170,0.582,0.880,0.224,0.713,0.438,0.777,1.347,0.754,0.494,0.341,0.095,0.559,0.444,0.082,0.837,0.016,2.625,0.047,2.906,0.275,1.403,-0.062,1.122,1.112,0.701,1.067,1.215,0.366,0.152,0.927,0.818,0.000,1.699,0.390,0.428,0.388,2.174,0.681,1.270,1.089,1.112,0.994,0.402,0.553,0.585,0.293,0.434,0.526,0.644,0.516,0.451,0.156,0.175,0.337,1.026,0.161,0.516,0.200,0.087,0.275,0.336,0.989,0.284,0.804,1.078,1.371,0.891,0.882,0.633,0.031,1.045,0.944,0.192,0.893,0.267,0.180,-0.092,0.416,1.001,0.294,0.339,0.807,2.061,0.938,0.736,1.784,0.286,0.924,0.396,0.613,0.502,0.655,0.534,0.089,1.117,0.636,0.709
2011-11-07 12:00:00,1.052,0.549,2.092,0.464,0.850,0.347,0.798,0.439,0.571,1.287,0.478,0.554,0.300,0.196,0.658,0.574,0.104,1.059,0.023,2.942,0.063,2.062,0.320,1.366,0.152,0.777,1.090,0.165,1.065,1.169,0.344,0.191,1.418,0.863,0.000,1.470,0.467,0.552,0.342,2.351,0.740,1.584,0.905,0.876,0.973,0.363,0.547,0.596,0.298,0.351,0.430,0.699,0.514,0.359,0.165,0.183,0.366,1.050,0.159,0.584,0.189,0.169,0.130,0.335,1.264,0.497,0.668,1.106,1.550,0.689,0.699,0.653,0.025,1.094,0.917,0.238,0.923,0.297,0.232,0.054,0.373,1.089,0.490,0.401,0.747,2.205,0.954,0.868,2.155,0.310,0.953,0.286,0.518,0.444,0.653,0.630,0.059,1.196,0.957,1.388
2011-11-07 13:00:00,1.170,0.513,1.585,0.460,0.806,0.357,0.669,0.364,0.120,0.881,0.380,0.502,0.164,0.116,0.518,0.481,0.114,1.126,0.054,2.634,0.085,0.820,0.095,1.243,-0.220,0.497,0.526,0.145,0.802,1.127,0.477,0.061,1.718,0.801,0.000,1.538,0.481,0.644,0.329,2.090,0.782,1.354,0.955,0.485,0.852,0.407,0.610,0.753,0.309,0.280,0.370,0.778,0.439,0.219,0.182,0.223,0.444,0.786,0.200,0.476,0.213,0.352,0.403,0.345,1.239,0.162,0.641,1.208,1.348,0.642,0.724,0.696,0.017,1.145,0.948,0.203,1.169,0.285,0.244,0.215,0.360,1.124,0.638,0.389,0.714,2.032,0.859,0.994,1.981,0.295,0.960,0.232,0.671,0.294,0.590,0.656,0.090,1.067,0.942,1.554
2011-11-07 14:00:00,1.252,0.453,0.874,0.438,1.076,0.199,0.644,0.324,0.045,0.827,0.292,0.410,0.389,0.089,0.541,0.602,0.156,0.725,0.064,2.673,0.067,1.080,0.294,1.322,0.009,0.339,0.164,0.101,0.952,1.113,0.458,-0.088,1.952,0.683,0.000,1.560,0.506,0.675,0.324,1.347,0.907,0.865,1.013,0.267,0.826,0.667,0.738,0.887,0.340,0.275,0.316,0.816,0.472,0.154,0.221,0.257,0.444,1.074,0.287,0.426,0.199,0.616,0.603,0.408,1.132,-0.002,0.768,1.173,1.225,0.663,0.553,0.738,-0.002,1.287,0.943,0.187,1.232,0.257,0.259,0.365,0.296,1.136,0.689,0.336,0.688,1.964,0.863,0.992,2.317,0.314,0.937,0.266,0.881,0.241,0.571,0.665,0.169,0.994,0.824,1.774
2011-11-07 15:00:00,1.280,0.358,0.949,0.360,0.768,0.249,0.622,0.287,0.210,0.835,0.328,0.311,0.460,0.077,0.462,0.315,0.152,0.422,0.060,2.308,0.066,1.219,0.155,1.234,-0.006,0.368,0.299,0.267,0.450,0.899,0.510,0.036,2.301,0.599,0.000,1.620,0.461,0.719,0.293,0.709,1.230,0.997,1.037,0.252,0.736,0.829,0.777,0.938,0.391,0.327,0.289,0.869,0.610,0.143,0.294,0.318,0.472,1.079,0.302,0.473,0.204,0.864,0.367,0.471,0.872,-0.068,0.568,1.043,1.124,0.772,0.612,0.761,0.001,1.424,1.011,0.195,1.028,0.263,0.259,0.648,0.269,1.141,0.681,0.340,0.697,1.832,1.045,1.043,2.190,0.336,0.982,0.277,0.935,0.194,0.610,0.686,0.175,0.935,0.716,1.377
2011-11-07 16:00:00,0.918,0.105,1.182,0.477,0.895,0.271,0.540,0.342,0.449,0.806,0.481,0.227,0.508,0.104,0.281,0.383,0.151,0.151,0.074,2.907,0.070,0.381,0.448,1.109,0.507,0.700,0.722,0.163,0.937,0.858,0.479,0.084,2.432,0.550,0.000,1.564,0.442,0.642,0.322,0.729,1.586,0.689,1.006,0.675,0.822,0.912,0.845,0.944,0.509,0.417,0.226,0.934,0.679,0.201,0.414,0.387,0.518,0.623,0.262,0.397,0.220,0.864,0.319,0.656,0.790,0.235,0.527,0.635,1.276,0.957,0.492,0.647,-0.026,1.428,0.917,0.224,1.078,0.294,0.234,0.776,0.260,1.145,0.625,0.380,0.751,1.766,1.330,1.130,2.351,0.320,1.077,0.242,0.875,0.268,0.714,0.746,0.156,0.895,0.730,0.881
2011-11-07 17:00:00,1.245,0.464,1.184,0.593,0.848,0.008,0.576,0.360,0.381,0.748,0.557,0.240,0.310,0.031,0.107,0.283,0.132,-0.229,0.078,2.341,0.040,0.788,0.317,0.936,0.229,0.721,0.745,0.134,0.390,0.778,0.327,0.042,2.358,0.455,0.000,1.343,0.474,0.634,0.407,0.911,1.812,0.479,0.803,0.810,0.948,0.864,0.867,0.935,0.644,0.551,0.261,0.964,0.594,0.303,0.427,0.385,0.492,0.667,0.208,0.428,0.246,0.838,0.746,0.591,0.706,-0.037,0.522,0.732,1.304,1.046,0.389,0.543,0.045,1.292,0.938,0.263,0.896,0.304,0.221,0.719,0.301,1.142,0.554,0.417,0.703,1.923,1.559,1.419,2.044,0.297,1.115,0.223,0.837,0.275,0.689,0.695,0.139,0.843,0.890,0.912
2011-11-07 18:00:00,1.278,0.285,1.588,0.581,1.265,0.119,1.114,0.452,0.439,1.000,0.449,0.429,0.401,0.234,0.535,0.152,0.173,0.205,0.126,2.918,0.048,1.105,0.688,1.238,0.767,1.349,0.731,0.009,1.009,0.943,0.204,0.397,2.306,0.349,0.000,1.029,0.472,0.707,0.514,0.953,1.914,0.642,0.211,0.899,0.977,0.822,0.904,0.895,0.797,0.860,0.489,0.968,0.599,0.387,0.394,0.392,0.525,1.091,0.216,0.393,0.273,0.836,0.682,0.587,1.764,0.454,0.774,0.794,1.597,1.163,0.627,0.570,0.773,1.203,0.974,0.269,0.888,0.299,0.207,0.797,0.222,1.076,0.545,0.507,0.859,1.980,1.793,1.619,2.283,0.291,1.209,0.177,0.861,0.235,0.669,0.736,0.166,0.685,1.277,1.076
2011-11-07 19:00:00,1.115,0.188,1.426,0.574,1.159,0.120,0.799,0.399,0.226,1.058,0.053,0.378,0.191,0.208,0.291,0.009,0.187,0.198,0.152,2.309,0.079,0.138,0.679,0.800,1.041,1.454,0.599,-0.319,0.918,0.923,0.247,0.280,2.003,0.327,0.000,1.077,0.452,0.811,0.539,0.948,1.578,0.663,-0.070,0.818,1.045,0.655,0.940,0.940,0.900,1.028,0.484,1.025,0.595,0.398,0.415,0.375,0.499,1.089,0.230,0.463,0.295,0.703,0.484,0.481,1.603,0.258,0.576,0.624,1.435,0.841,0.446,0.556,0.748,1.038,0.851,0.243,0.633,0.320,0.205,0.959,0.126,1.077,0.437,0.477,0.876,1.407,1.694,1.425,2.136,0.230,1.150,0.061,0.783,0.132,0.598,0.731,0.121,0.452,1.429,0.788
2011-11-07 20:00:00,0.719,0.177,0.878,0.570,0.938,0.008,0.588,0.312,0.214,0.834,0.109,0.350,0.210,0.116,0.117,0.186,0.196,-0.261,0.154,1.965,0.069,0.260,0.664,0.459,1.064,1.146,-0.050,-0.417,0.688,0.815,0.160,0.156,2.123,0.286,0.000,0.593,0.434,0.786,0.536,0.697,1.058,0.529,-0.075,0.743,1.053,0.663,0.870,0.964,0.917,0.959,0.521,1.056,0.608,0.355,0.347,0.355,0.470,0.651,0.225,0.423,0.310,0.643,0.414,0.385,0.821,0.208,0.204,0.837,1.262,0.746,0.164,0.458,0.780,0.751,0.569,0.280,0.561,0.402,0.210,0.919,0.139,0.996,0.389,0.421,0.651,1.286,1.527,1.190,2.163,0.244,1.017,0.044,0.733,0.082,0.378,0.618,0.042,0.199,1.471,0.403
2011-11-07 21:00:00,0.596,-0.012,0.493,0.392,0.527,0.054,0.437,0.207,0.144,0.461,0.108,0.338,0.299,0.078,-0.086,0.061,0.180,-0.304,0.150,1.531,0.073,0.317,0.427,0.230,1.006,1.035,-0.189,-0.257,0.499,0.706,0.148,0.096,2.186,0.268,0.000,0.398,0.411,0.731,0.518,0.293,0.780,0.271,0.169,0.723,1.093,0.943,0.729,0.851,0.877,0.886,0.614,1.042,0.547,0.295,0.295,0.310,0.390,0.339,0.219,0.338,0.298,0.560,0.448,0.519,0.301,0.023,0.062,0.781,0.808,0.457,0.293,0.356,0.782,0.565,0.478,0.279,0.428,0.348,0.149,0.860,0.259,0.756,0.313,0.320,0.435,1.044,1.367,0.913,1.963,0.289,1.001,0.079,0.671,0.113,0.231,0.501,0.012,0.197,1.064,0.163
2011-11-07 22:00:00,0.071,-0.243,0.542,0.388,0.612,0.023,0.172,0.180,0.144,0.612,-0.119,0.237,0.249,0.059,-0.177,0.056,0.192,-0.411,0.147,1.408,0.075,-0.443,0.513,0.066,1.054,1.175,0.065,-0.430,0.597,0.532,0.238,-0.001,2.174,0.276,0.000,0.499,0.407,0.720,0.450,0.086,0.782,0.428,0.198,0.825,1.113,0.935,0.623,0.830,0.767,0.735,0.684,1.000,0.505,0.277,0.245,0.331,0.342,0.975,0.212,0.319,0.270,0.554,0.426,0.498,0.112,-0.111,-0.120,0.640,0.423,0.255,0.082,0.344,0.728,0.542,0.259,0.220,0.478,0.245,0.217,0.764,0.396,0.665,0.207,0.258,0.364,0.627,1.246,0.800,1.846,0.333,0.942,0.090,0.653,0.188,0.148,0.472,0.079,0.176,0.740,0.151
2011-11-07 23:00:00,0.218,0.008,0.478,0.350,0.474,0.018,0.003,0.160,0.314,0.411,0.012,0.157,0.045,-0.067,-0.286,0.086,0.185,-0.531,0.156,1.270,0.064,-0.238,0.241,0.100,0.725,0.919,-0.090,-0.184,0.219,0.408,0.310,-0.047,2.053,0.345,0.000,0.651,0.451,0.805,0.419,0.259,0.808,0.472,0.395,0.952,1.059,0.899,0.515,0.770,0.706,0.572,0.633,1.010,0.424,0.298,0.234,0.337,0.325,1.512,0.162,0.248,0.258,0.579,0.461,0.516,-0.065,-0.299,-0.118,0.724,0.324,0.356,-0.026,0.319,0.706,0.681,0.247,0.216,0.440,0.140,0.174,0.494,0.474,0.623,0.245,0.232,0.408,0.404,1.097,0.812,1.574,0.332,0.941,0.076,0.568,0.146,0.239,0.494,0.057,0.360,0.505,-0.083
2011-11-08 00:00:00,0.275,0.076,0.621,0.375,0.562,0.064,0.141,0.194,0.475,0.470,0.008,0.308,0.123,-0.033,-0.038,0.068,0.183,-0.331,0.142,1.572,0.044,0.459,0.199,0.470,0.541,0.753,0.135,0.034,0.554,0.437,0.254,0.090,1.855,0.356,0.000,0.633,0.516,0.759,0.408,0.605,0.891,0.548,0.376,1.281,1.050,0.893,0.409,0.625,0.630,0.425,0.582,0.969,0.372,0.301,0.190,0.269,0.340,0.874,0.085,0.138,0.224,0.580,0.343,0.532,0.089,-0.112,0.094,0.555,0.433,0.310,0.131,0.357,0.699,0.747,0.503,0.238,0.562,0.136,0.233,0.309,0.407,0.523,0.393,0.322,0.489,0.678,1.059,0.913,1.673,0.332,0.867,0.146,0.661,0.244,0.294,0.604,0.122,0.355,0.668,0.149
2011-11-08 01:00:00,0.371,0.140,0.754,0.381,0.737,0.051,0.387,0.226,0.407,0.571,0.039,0.382,0.073,0.059,0.082,0.002,0.180,-0.130,0.146,1.712,0.052,0.695,0.206,0.623,0.209,0.882,0.382,-0.097,0.386,0.614,0.230,0.207,1.535,0.353,0.000,0.456,0.529,0.674,0.437,0.782,0.777,0.752,0.253,1.048,0.987,0.735,0.447,0.630,0.585,0.352,0.528,0.882,0.378,0.302,0.190,0.294,0.224,0.552,0.077,0.206,0.226,0.558,0.289,0.433,0.416,-0.017,0.146,0.554,0.415,0.202,0.145,0.316,0.704,0.724,0.525,0.249,0.545,0.179,0.248,0.265,0.405,0.378,0.424,0.361,0.456,0.732,0.915,0.851,1.487,0.277,0.788,0.140,0.675,0.247,0.329,0.630,0.110,0.266,0.645,0.240
2011-11-08 02:00:00,0.347,-0.035,0.565,0.303,0.745,0.057,0.274,0.202,0.136,0.548,-0.104,0.316,0.034,0.037,0.008,-0.034,0.198,-0.117,0.158,1.774,0.061,0.178,0.122,0.451,0.163,0.601,0.744,-0.088,0.320,0.604,0.190,0.105,1.285,0.389,0.000,0.348,0.431,0.576,0.430,0.826,0.638,0.638,0.097,0.736,0.964,0.631,0.450,0.656,0.547,0.309,0.485,0.798,0.474,0.313,0.213,0.252,0.205,0.594,0.055,0.220,0.210,0.468,0.334,0.412,0.338,0.042,0.244,0.511,0.302,0.209,0.010,0.255,0.676,0.686,0.505,0.232,0.637,0.183,0.258,0.273,0.369,0.346,0.472,0.345,0.503,0.594,0.766,0.741,1.325,0.245,0.759,0.147,0.633,0.229,0.324,0.622,0.134,0.274,0.633,0.394
2011-11-08 03:00:00,0.244,0.141,0.497,0.305,0.482,-0.038,0.050,0.129,0.065,0.375,-0.221,0.250,-0.003,-0.063,-0.146,0.054,0.197,-0.295,0.124,1.739,0.056,0.473,0.069,0.461,-0.172,0.167,0.555,-0.093,0.255,0.511,0.209,0.024,1.196,0.335,0.000,0.158,0.319,0.474,0.403,0.706,0.454,0.648,0.017,0.427,1.033,0.516,0.462,0.625,0.435,0.246,0.438,0.744,0.476,0.313,0.251,0.229,0.258,0.530,0.045,0.161,0.177,0.394,0.419,0.341,0.144,-0.122,0.245,0.420,0.096,0.081,-0.012,0.194,0.658,0.648,0.409,0.210,0.576,0.178,0.246,0.247,0.250,0.345,0.500,0.365,0.493,0.737,0.649,0.655,1.009,0.195,0.692,0.128,0.747,0.222,0.328,0.538,0.127,0.215,0.630,0.827
2011-11-08 04:00:00,0.330,0.254,0.625,0.349,0.680,0.071,0.111,0.107,0.072,0.410,0.005,0.174,0.080,-0.030,-0.125,0.071,0.192,-0.295,0.118,1.792,0.065,0.474,0.254,0.657,-0.125,0.420,0.655,-0.211,0.082,0.641,0.204,0.145,1.178,0.314,0.000,0.171,0.233,0.392,0.368,0.609,0.404,0.583,-0.028,0.317,1.139,0.473,0.474,0.707,0.402,0.243,0.429,0.723,0.419,0.240,0.325,0.187,0.258,0.777,0.001,0.154,0.185,0.490,0.448,0.256,0.466,-0.127,0.447,0.332,0.158,0.165,-0.026,0.185,0.650,0.584,0.382,0.198,0.597,0.142,0.279,0.233,0.218,0.298,0.479,0.315,0.489,0.739,0.552,0.659,0.990,0.157,0.730,0.184,0.636,0.237,0.293,0.472,0.183,0.230,0.628,0.991
2011-11-08 05:00:00,0.373,0.056,0.747,0.384,0.737,-0.011,0.076,0.066,-0.067,0.330,0.009,0.126,0.080,-0.069,-0.146,0.012,0.194,-0.303,0.108,1.853,0.053,0.223,0.161,0.474,-0.110,0.520,0.749,-0.034,0.186,0.683,0.321,0.074,1.146,0.304,0.000,0.214,0.188,0.362,0.393,0.580,0.376,0.530,0.015,0.402,1.017,0.434,0.531,0.736,0.225,0.251,0.356,0.722,0.467,0.178,0.347,0.172,0.319,0.907,-0.006,0.254,0.158,0.609,0.419,0.293,0.281,-0.143,0.566,0.191,0.114,0.172,-0.064,0.134,0.600,0.599,0.412,0.190,0.667,0.133,0.248,0.259,0.262,0.364,0.399,0.338,0.542,0.678,0.534,0.669,0.886,0.138,0.678,0.161,0.690,0.300,0.311,0.444,0.198,0.250,0.451,0.328
2011-11-08 06:00:00,0.117,0.129,0.770,0.454,0.641,-0.072,-0.110,0.016,0.061,0.292,0.012,0.104,0.075,-0.186,-0.184,0.168,0.181,-0.414,0.092,1.695,0.052,0.435,0.200,0.452,-0.257,0.312,0.516,-0.064,0.067,0.708,0.415,0.077,0.904,0.262,0.000,0.189,0.148,0.319,0.365,0.486,0.375,0.471,0.014,0.566,0.910,0.382,0.601,0.761,0.192,0.257,0.318,0.722,0.539,0.182,0.328,0.200,0.389,0.989,0.072,0.314,0.199,0.725,0.544,0.344,0.071,-0.178,0.524,0.111,0.203,0.151,-0.016,0.062,0.641,0.578,0.340,0.151,0.649,0.134,0.245,0.183,0.256,0.476,0.315,0.306,0.476,0.684,0.576,0.638,0.876,0.121,0.683,0.200,0.845,0.359,0.327,0.361,0.232,0.310,0.344,-0.008
2011-11-08 07:00:00,0.208,0.471,1.052,0.501,0.505,0.004,-0.077,-0.033,0.058,0.350,0.263,0.077,0.158,-0.200,-0.092,0.229,0.148,-0.328,0.061,1.865,0.033,0.488,0.130,0.439,-0.237,0.343,0.640,-0.166,-0.138,0.832,0.421,0.169,0.597,0.270,0.000,0.213,0.131,0.327,0.409,0.441,0.399,0.533,0.014,0.870,0.893,0.247,0.650,0.810,0.251,0.357,0.386,0.678,0.587,0.248,0.334,0.287,0.481,0.951,0.108,0.343,0.196,0.694,0.551,0.383,0.158,-0.119,0.577,0.239,0.407,0.034,0.164,0.069,0.609,0.611,0.352,0.128,0.642,0.106,0.207,0.102,0.242,0.492,0.235,0.308,0.534,0.683,0.613,0.585,0.801,0.112,0.712,0.204,0.590,0.422,0.333,0.274,0.185,0.419,0.282,0.208
2011-11-08 08:00:00,0.391,0.373,1.343,0.579,0.671,0.016,0.041,0.017,-0.046,0.270,0.187,0.132,0.167,-0.150,-0.010,0.135,0.137,0.082,0.044,2.165,0.053,0.109,0.113,0.397,-0.119,0.661,0.908,-0.206,0.259,1.108,0.514,0.234,0.468,0.313,0.000,0.257,0.209,0.345,0.431,0.630,0.398,0.699,0.020,0.997,0.923,0.070,0.691,0.768,0.377,0.425,0.411,0.642,0.628,0.302,0.345,0.297,0.485,0.712,0.068,0.329,0.242,0.574,0.520,0.475,0.351,0.013,0.584,0.267,0.557,0.166,0.137,0.040,0.600,0.601,0.407,0.142,0.743,0.126,0.195,0.096,0.284,0.400,0.211,0.294,0.555,1.032,0.659,0.642,0.891,0.088,0.797,0.315,0.631,0.463,0.413,0.223,0.243,0.416,0.197,0.170
2011-11-08 09:00:00,0.569,0.349,1.259,0.644,0.869,0.078,0.194,0.123,-0.182,0.506,0.200,0.146,0.156,-0.166,0.101,0.208,0.141,0.204,0.083,2.533,0.066,0.472,0.296,0.507,0.137,0.745,0.897,-0.191,0.401,1.306,0.490,0.188,0.654,0.440,0.000,0.458,0.312,0.462,0.458,0.802,0.325,0.867,0.135,0.881,0.828,0.205,0.726,0.682,0.419,0.453,0.522,0.615,0.633,0.379,0.316,0.266,0.457,0.804,0.029,0.290,0.251,0.609,0.359,0.563,0.497,0.052,0.736,0.579,0.594,0.299,0.083,0.097,0.578,0.620,0.374,0.123,0.784,0.158,0.183,0.108,0.300,0.368,0.243,0.300,0.485,1.433,0.672,0.715,1.066,0.093,0.817,0.266,0.377,0.526,0.470,0.226,0.175,0.513,0.239,0.119
2011-11-08 10:00:00,0.705,0.344,1.415,0.670,0.750,0.182,0.272,0.174,0.008,0.593,0.286,0.235,0.189,-0.161,0.166,0.259,0.134,0.416,0.096,2.298,0.078,0.919,0.367,0.592,0.508,0.546,0.875,0.028,0.639,1.194,0.557,0.248,1.029,0.597,0.000,0.727,0.487,0.634,0.433,0.761,0.470,1.004,0.333,0.838,0.901,0.348,0.771,0.754,0.424,0.545,0.550,0.635,0.625,0.380,0.266,0.346,0.502,0.941,0.050,0.338,0.247,0.541,0.515,0.485,0.450,0.095,0.826,0.783,0.602,0.188,0.452,0.250,0.576,0.718,0.469,0.119,0.822,0.199,0.216,0.228,0.335,0.372,0.281,0.320,0.498,1.695,0.732,0.814,1.260,0.126,0.905,0.296,0.475,0.564,0.552,0.283,0.194,0.561,0.481,0.212
2011-11-08 11:00:00,0.650,0.304,1.531,0.667,0.993,0.343,0.342,0.269,0.271,0.499,0.480,0.282,0.299,-0.093,0.333,0.415,0.125,0.659,0.065,2.480,0.107,0.835,0.626,0.635,0.761,1.047,1.030,0.249,0.890,1.378,0.696,0.308,1.603,0.773,0.000,1.068,0.661,0.854,0.422,0.711,0.684,1.205,0.545,0.827,0.972,0.476,0.760,0.705,0.474,0.500,0.596,0.679,0.584,0.286,0.193,0.335,0.484,0.919,0.034,0.305,0.224,0.599,0.329,0.520,0.506,0.145,0.704,0.792,0.576,0.315,0.466,0.462,0.603,0.873,0.509,0.115,0.876,0.219,0.261,0.505,0.460,0.382,0.433,0.343,0.508,1.741,0.797,0.809,1.436,0.162,0.977,0.253,0.569,0.595,0.573,0.354,0.174,0.588,0.544,0.363
2011-11-08 12:00:00,0.917,0.555,1.342,0.676,1.161,0.333,0.423,0.324,0.218,0.576,0.624,0.324,0.397,-0.083,0.345,0.538,0.124,0.674,0.058,2.468,0.111,1.346,0.668,0.715,0.766,0.958,1.267,0.628,0.984,1.288,0.768,0.327,2.057,0.844,0.000,1.177,0.846,1.026,0.342,0.704,0.937,1.383,0.790,0.845,0.872,0.643,0.749,0.693,0.479,0.468,0.501,0.742,0.587,0.234,0.175,0.284,0.446,0.778,0.030,0.317,0.232,0.664,0.309,0.491,0.427,0.099,0.760,1.159,0.581,0.619,0.323,0.763,0.584,0.999,0.569,0.152,0.958,0.202,0.320,0.658,0.546,0.338,0.554,0.343,0.468,1.909,0.843,0.830,1.546,0.219,0.940,0.273,0.737,0.541,0.653,0.439,0.238,0.680,0.594,0.433
2011-11-08 13:00:00,0.922,0.505,1.505,0.619,1.004,0.407,0.512,0.343,0.389,0.734,0.594,0.391,0.426,-0.046,0.458,0.598,0.120,0.874,0.052,2.597,0.092,1.851,0.627,0.817,0.632,0.912,1.285,0.934,1.247,1.271,0.833,0.435,2.369,0.890,0.000,1.332,0.976,1.098,0.333,0.704,1.149,1.483,0.981,0.846,1.034,0.704,0.807,0.719,0.532,0.485,0.374,0.806,0.577,0.257,0.177,0.272,0.466,0.856,0.061,0.315,0.216,0.683,0.487,0.415,0.517,0.134,0.835,1.065,0.671,0.507,0.532,0.932,0.571,1.124,0.665,0.156,0.930,0.187,0.328,0.588,0.551,0.341,0.579,0.369,0.500,2.100,0.949,1.000,1.720,0.275,0.931,0.285,0.903,0.513,0.688,0.503,0.233,0.711,0.647,0.664
2011-11-08 14:00:00,0.949,0.510,1.680,0.654,1.101,0.521,0.436,0.328,0.531,0.811,0.688,0.351,0.373,-0.036,0.584,0.654,0.117,0.976,0.064,2.791,0.086,1.601,0.614,0.963,0.464,1.183,1.439,0.783,1.123,1.300,0.781,0.527,2.679,0.905,0.000,1.461,0.982,1.044,0.355,0.750,1.246,1.463,1.083,0.834,1.012,0.606,0.800,0.674,0.548,0.473,0.373,0.791,0.507,0.333,0.177,0.259,0.421,0.837,0.078,0.389,0.225,0.685,0.825,0.437,0.797,0.141,0.879,0.852,0.911,0.610,0.638,1.017,0.604,1.197,0.597,0.134,0.863,0.177,0.328,0.378,0.558,0.327,0.545,0.367,0.515,2.074,1.031,1.015,1.686,0.279,0.982,0.339,0.901,0.450,0.767,0.479,0.239,0.707,0.581,0.884
2011-11-08 15:00:00,1.389,0.745,1.741,0.662,1.356,0.474,0.684,0.396,0.394,0.847,0.661,0.377,0.369,0.023,0.745,0.495,0.122,1.058,0.098,3.134,0.065,1.905,0.650,1.252,0.325,1.582,1.426,0.877,1.225,1.411,0.735,0.570,3.144,1.119,0.000,1.699,1.035,1.041,0.373,1.100,1.380,1.482,1.188,0.981,1.078,0.499,0.822,0.688,0.630,0.480,0.365,0.785,0.482,0.298,0.176,0.292,0.389,0.745,0.059,0.321,0.217,0.657,0.591,0.465,1.113,0.182,1.134,0.962,1.201,0.889,0.727,1.186,0.577,1.266,0.726,0.153,0.893,0.220,0.306,0.375,0.550,0.379,0.604,0.413,0.637,2.299,1.253,1.082,1.815,0.264,1.140,0.336,1.010,0.401,0.879,0.588,0.225,0.768,0.770,0.797
2011-11-08 16:00:00,1.507,0.616,1.786,0.636,1.505,0.417,0.839,0.464,0.464,1.083,0.405,0.449,0.296,0.076,0.897,0.373,0.141,1.191,0.116,3.140,0.052,2.161,0.713,1.500,0.523,1.740,1.531,0.777,1.295,1.405,0.672,0.556,3.283,1.268,0.000,1.640,0.997,0.981,0.365,1.302,1.483,1.449,1.130,0.982,1.088,0.558,0.800,0.804,0.832,0.479,0.411,0.842,0.476,0.231,0.180,0.323,0.387,0.784,0.035,0.416,0.214,0.738,0.457,0.437,1.390,0.251,1.258,0.789,1.313,0.791,0.719,1.279,0.210,1.327,0.763,0.139,0.981,0.287,0.348,0.438,0.482,0.385,0.698,0.485,0.788,2.260,1.390,1.187,1.856,0.215,1.207,0.338,1.083,0.405,0.990,0.681,0.254,0.695,0.844,0.978
2011-11-08 17:00:00,1.278,0.562,1.726,0.578,1.289,0.438,0.759,0.448,0.563,0.982,0.434,0.421,0.226,0.077,0.770,0.370,0.151,0.914,0.114,3.025,0.050,1.910,0.717,1.425,0.692,1.280,1.210,0.521,0.846,1.284,0.582,0.609,3.338,1.264,0.000,1.493,0.849,0.957,0.423,1.261,1.574,1.289,0.799,0.851,1.014,0.769,0.785,0.860,1.024,0.685,0.391,0.923,0.600,0.191,0.217,0.390,0.355,0.947,0.039,0.407,0.229,0.794,0.832,0.466,1.573,0.335,0.849,0.746,1.234,0.981,0.693,1.309,0.537,1.278,0.845,0.145,0.970,0.299,0.354,0.509,0.412,0.413,0.802,0.495,0.871,2.063,1.502,1.249,1.799,0.207,1.256,0.303,1.052,0.381,0.945,0.729,0.211,0.609,0.871,1.803
2011-11-08 18:00:00,1.337,0.597,1.659,0.562,1.265,0.349,0.742,0.406,0.323,0.924,0.365,0.415,0.313,0.089,0.669,0.330,0.153,0.792,0.119,2.884,0.045,1.594,0.668,1.325,0.785,1.365,0.995,0.422,0.723,1.099,0.546,0.552,3.475,1.149,0.000,1.090,0.695,0.883,0.463,1.108,1.582,1.157,0.529,0.758,1.023,0.734,0.801,0.886,0.971,0.892,0.381,0.930,0.651,0.227,0.197,0.385,0.363,1.171,0.070,0.558,0.242,0.824,0.836,0.425,1.760,0.320,0.700,0.733,1.101,1.199,0.817,1.144,0.561,1.186,0.723,0.166,0.973,0.298,0.353,0.589,0.382,0.401,0.727,0.504,0.842,1.814,1.576,1.273,1.672,0.175,1.299,0.241,0.943,0.423,0.816,0.706,0.195,0.513,0.911,1.801
2011-11-08 19:00:00,1.304,0.613,1.597,0.589,1.439,0.255,0.835,0.457,0.132,0.896,0.186,0.386,0.369,0.175,0.572,0.244,0.182,0.621,0.144,2.930,0.063,1.440,0.944,1.284,1.119,1.398,0.827,0.306,0.917,1.001,0.521,0.549,3.622,1.132,0.000,1.021,0.640,0.823,0.479,1.137,1.450,0.940,0.405,0.733,0.978,0.805,0.791,1.011,0.899,0.985,0.525,1.013,0.767,0.394,0.253,0.383,0.431,1.130,0.267,0.592,0.309,0.906,0.688,0.552,1.825,0.278,0.644,0.792,1.023,1.019,0.628,0.863,0.660,1.074,0.759,0.198,0.977,0.314,0.375,0.670,0.355,0.407,0.607,0.509,0.868,1.632,1.597,1.219,1.748,0.183,1.245,0.196,0.879,0.547,0.743,0.777,0.176,0.401,1.100,1.215
2011-11-08 20:00:00,1.202,0.471,1.494,0.541,1.191,0.283,0.744,0.407,0.258,0.793,0.197,0.356,0.283,0.144,0.313,0.139,0.193,0.324,0.146,2.669,0.064,1.105,0.879,1.102,1.343,0.876,0.591,0.276,0.782,0.759,0.410,0.520,3.341,0.901,0.000,0.963,0.486,0.742,0.503,1.030,1.300,0.814,0.313,0.707,0.984,0.836,0.743,0.919,0.928,0.974,0.481,0.988,0.749,0.422,0.238,0.397,0.397,0.891,0.376,0.424,0.337,0.679,0.498,0.568,1.252,0.284,0.496,0.702,0.910,1.022,0.454,0.648,0.677,1.005,0.667,0.189,0.895,0.294,0.326,0.618,0.299,0.444,0.540,0.485,0.808,1.327,1.491,1.190,1.710,0.210,1.222,0.176,0.819,0.538,0.632,0.752,0.193,0.342,1.283,0.800
2011-11-08 21:00:00,0.818,0.306,1.341,0.518,1.047,0.255,0.524,0.336,0.432,0.575,0.227,0.317,0.313,0.082,0.158,0.182,0.189,0.035,0.160,2.201,0.077,0.754,0.774,0.839,1.228,0.860,0.371,0.264,0.788,0.647,0.364,0.416,2.692,0.627,0.000,1.010,0.384,0.619,0.564,0.695,1.140,0.641,0.266,0.773,1.028,0.822,0.630,0.834,0.959,1.011,0.510,0.921,0.614,0.398,0.255,0.332,0.311,0.753,0.404,0.419,0.329,0.688,0.371,0.614,0.789,0.270,0.326,0.464,0.798,0.999,0.399,0.406,0.705,0.970,0.517,0.148,0.705,0.309,0.317,0.461,0.240,0.460,0.439,0.416,0.723,1.111,1.304,1.098,1.663,0.232,1.089,0.157,0.779,0.457,0.542,0.635,0.169,0.274,1.188,0.451
2011-11-08 22:00:00,0.672,0.321,1.012,0.431,1.088,0.060,0.396,0.283,0.370,0.461,0.219,0.284,0.279,0.047,0.058,0.076,0.183,-0.128,0.151,2.022,0.068,0.743,0.531,0.590,0.721,0.926,0.312,0.140,0.401,0.626,0.263,0.201,2.194,0.460,0.000,0.838,0.336,0.472,0.524,0.566,0.869,0.573,0.191,0.967,0.949,0.774,0.549,0.825,0.706,0.774,0.501,0.888,0.570,0.342,0.243,0.267,0.222,0.813,0.248,0.222,0.301,0.620,0.240,0.513,0.566,0.089,0.204,0.537,0.674,0.627,0.332,0.236,0.739,0.871,0.580,0.127,0.605,0.251,0.267,0.307,0.263,0.420,0.283,0.398,0.583,0.833,1.125,0.886,1.571,0.200,1.071,0.179,0.550,0.383,0.397,0.575,0.124,0.250,1.000,0.123
2011-11-08 23:00:00,0.526,0.161,0.852,0.337,0.805,0.060,0.342,0.209,0.280,0.545,0.087,0.278,0.224,0.003,0.051,0.004,0.183,-0.130,0.136,1.844,0.056,0.472,0.287,0.349,0.406,0.832,0.346,0.049,0.345,0.562,0.211,0.082,1.601,0.322,0.000,0.526,0.269,0.338,0.466,0.526,0.620,0.462,0.026,1.229,0.995,0.555,0.521,0.700,0.507,0.493,0.402,0.860,0.584,0.299,0.273,0.252,0.254,0.698,0.233,0.300,0.261,0.718,0.417,0.424,0.448,0.123,0.183,0.433,0.546,0.450,0.240,0.137,0.759,0.722,0.580,0.141,0.500,0.189,0.237,0.208,0.252,0.352,0.171,0.321,0.512,0.719,0.869,0.755,1.520,0.192,0.920,0.146,0.329,0.261,0.279,0.543,0.079,0.202,0.780,-0.110
2011-11-09 00:00:00,0.311,0.097,0.872,0.274,0.581,0.050,0.106,0.160,0.244,0.603,-0.041,0.279,0.117,-0.040,-0.053,0.136,0.174,-0.100,0.137,1.747,0.062,0.064,0.158,0.246,0.006,0.529,0.229,-0.209,0.307,0.520,0.205,-0.007,1.200,0.227,0.000,0.338,0.220,0.236,0.351,0.600,0.457,0.462,-0.108,1.154,1.081,0.479,0.417,0.639,0.421,0.340,0.478,0.895,0.520,0.299,0.240,0.233,0.251,0.794,0.190,0.201,0.230,0.654,0.251,0.357,0.503,0.117,0.082,0.383,0.398,0.237,0.177,0.032,0.788,0.604,0.435,0.142,0.360,0.177,0.180,0.143,0.217,0.296,0.229,0.328,0.440,0.569,0.653,0.663,1.335,0.181,0.742,0.134,0.200,0.178,0.218,0.465,0.048,0.222,0.553,-0.050
2011-11-09 01:00:00,0.359,0.180,0.640,0.294,0.602,-0.013,0.008,0.114,0.106,0.388,0.028,0.253,-0.007,-0.092,-0.131,0.191,0.169,-0.123,0.133,1.665,0.049,-0.140,0.035,0.144,-0.302,0.308,0.140,-0.416,0.013,0.502,0.160,-0.066,0.922,0.241,0.000,0.347,0.237,0.257,0.317,0.658,0.368,0.492,-0.107,0.830,1.007,0.341,0.402,0.589,0.385,0.301,0.457,0.840,0.398,0.273,0.228,0.182,0.209,0.940,0.128,0.187,0.222,0.593,0.197,0.310,0.485,-0.013,0.139,0.498,0.301,0.086,-0.016,0.020,0.835,0.540,0.361,0.152,0.337,0.174,0.167,0.143,0.232,0.267,0.289,0.318,0.408,0.459,0.485,0.627,1.270,0.169,0.704,0.086,0.084,0.039,0.185,0.453,0.056,0.218,0.545,0.052
2011-11-09 02:00:00,0.479,0.022,0.477,0.199,0.673,-0.085,0.074,0.110,-0.006,0.304,-0.143,0.278,0.007,-0.095,-0.047,0.163,0.172,-0.029,0.142,1.669,0.048,0.099,-0.045,0.137,-0.428,0.349,0.202,-0.227,-0.054,0.542,0.212,0.003,0.750,0.241,0.000,0.320,0.229,0.281,0.359,0.529,0.240,0.455,-0.104,0.427,0.952,0.283,0.438,0.590,0.373,0.191,0.419,0.796,0.337,0.268,0.214,0.150,0.263,0.765,0.026,0.182,0.181,0.452,0.251,0.309,0.341,-0.096,0.214,0.509,0.179,0.079,-0.087,0.003,0.858,0.482,0.399,0.137,0.412,0.197,0.195,0.105,0.223,0.276,0.329,0.328,0.372,0.281,0.352,0.603,1.168,0.132,0.662,0.125,0.310,0.051,0.170,0.406,0.060,0.209,0.385,0.132
2011-11-09 03:00:00,0.321,-0.038,0.286,0.221,0.571,0.001,-0.135,0.019,0.019,0.316,-0.232,0.163,0.034,-0.168,-0.142,0.194,0.178,-0.153,0.128,1.570,0.049,0.072,-0.040,0.043,-0.362,-0.125,0.331,-0.306,-0.230,0.552,0.215,0.051,0.494,0.199,0.000,0.104,0.202,0.241,0.366,0.253,0.109,0.386,-0.131,0.116,0.971,0.269,0.455,0.595,0.250,0.201,0.300,0.766,0.311,0.201,0.242,0.156,0.275,0.527,-0.008,0.232,0.173,0.420,0.283,0.224,0.137,-0.207,0.124,0.257,0.060,0.038,-0.053,-0.077,0.866,0.503,0.383,0.143,0.368,0.157,0.154,0.036,0.198,0.264,0.340,0.252,0.334,0.154,0.201,0.518,1.055,0.115,0.662,0.121,0.396,0.023,0.102,0.260,0.062,0.174,0.244,0.735
2011-11-09 04:00:00,0.394,0.107,0.362,0.230,0.371,-0.089,-0.215,-0.037,-0.115,0.124,-0.011,0.057,0.071,-0.218,-0.200,0.198,0.166,-0.355,0.120,1.558,0.058,0.018,-0.150,0.070,-0.501,-0.189,0.427,-0.304,-0.499,0.558,0.267,0.105,0.462,0.290,0.000,0.173,0.172,0.210,0.354,0.186,0.186,0.284,-0.102,0.110,0.970,0.224,0.479,0.648,0.288,0.184,0.400,0.633,0.278,0.178,0.324,0.195,0.285,0.748,0.015,0.282,0.138,0.564,0.387,0.183,0.097,-0.256,0.070,0.163,0.082,0.005,-0.059,0.018,0.874,0.546,0.381,0.131,0.400,0.160,0.163,0.046,0.186,0.255,0.392,0.241,0.341,0.119,0.185,0.475,0.865,0.097,0.744,0.149,0.497,0.063,0.143,0.175,0.100,0.236,0.163,0.881
2011-11-09 05:00:00,0.535,0.040,0.504,0.295,0.447,-0.117,-0.115,-0.035,-0.214,0.113,-0.038,0.052,0.089,-0.206,-0.179,0.149,0.170,-0.264,0.106,1.835,0.065,0.083,-0.197,0.240,-0.450,0.131,0.474,-0.290,-0.254,0.627,0.374,0.204,0.545,0.388,0.000,0.246,0.187,0.167,0.401,0.449,0.323,0.174,-0.020,0.405,0.952,0.164,0.566,0.684,0.309,0.244,0.420,0.601,0.346,0.135,0.366,0.249,0.309,0.937,0.003,0.223,0.166,0.657,0.483,0.181,0.342,-0.186,0.269,-0.062,0.230,0.083,-0.045,0.057,0.836,0.487,0.236,0.092,0.598,0.160,0.165,0.097,0.203,0.252,0.436,0.240,0.359,0.292,0.285,0.532,0.856,0.060,0.788,0.161,0.544,0.103,0.235,0.216,0.143,0.309,0.215,0.279
2011-11-09 06:00:00,0.595,0.005,0.817,0.306,0.581,-0.063,0.040,0.007,-0.246,0.205,-0.021,0.019,0.090,-0.203,-0.097,0.113,0.180,-0.270,0.098,2.146,0.075,0.208,0.078,0.496,-0.407,0.315,0.823,-0.377,-0.184,0.669,0.355,0.213,0.519,0.358,0.000,0.247,0.206,0.155,0.405,0.627,0.453,0.253,-0.043,0.781,0.896,0.083,0.753,0.779,0.306,0.401,0.518,0.656,0.617,0.269,0.295,0.301,0.534,1.125,0.069,0.323,0.167,0.800,0.585,0.266,0.644,-0.173,0.438,-0.149,0.319,0.228,0.040,0.037,0.829,0.552,0.241,0.076,0.703,0.238,0.162,0.089,0.148,0.247,0.517,0.305,0.468,0.602,0.429,0.657,0.915,0.060,0.927,0.239,0.554,0.150,0.351,0.300,0.224,0.282,0.401,0.140
2011-11-09 07:00:00,0.715,0.032,1.240,0.457,0.597,-0.077,-0.009,-0.015,-0.098,0.208,0.026,0.016,0.049,-0.226,-0.142,0.018,0.178,-0.152,0.066,2.003,0.077,0.139,0.117,0.507,-0.097,0.170,0.747,-0.443,-0.197,0.557,0.348,0.291,0.319,0.301,0.000,0.229,0.147,0.181,0.338,0.467,0.439,0.399,-0.235,0.904,0.948,0.049,0.786,0.761,0.225,0.483,0.530,0.700,0.646,0.447,0.195,0.303,0.506,0.927,0.071,0.367,0.215,0.734,0.369,0.285,0.561,-0.091,0.556,-0.151,0.358,0.229,0.300,0.084,0.064,0.617,0.292,0.066,0.848,0.277,0.189,0.076,0.115,0.216,0.485,0.304,0.524,0.683,0.500,0.624,0.952,0.019,0.940,0.210,0.760,0.134,0.418,0.308,0.166,0.282,0.527,0.298
2011-11-09 08:00:00,0.616,0.090,1.332,0.434,0.659,-0.083,0.004,-0.010,-0.076,0.219,0.098,0.014,0.115,-0.249,-0.091,0.084,0.150,-0.101,0.052,1.935,0.083,0.101,0.123,0.454,-0.138,0.258,0.722,-0.447,-0.146,0.588,0.297,0.158,0.258,0.290,0.000,0.171,0.134,0.273,0.311,0.434,0.292,0.398,-0.378,0.623,0.953,-0.069,0.749,0.638,0.270,0.583,0.588,0.678,0.547,0.596,0.138,0.306,0.453,0.809,0.051,0.339,0.238,0.452,0.393,0.375,0.381,-0.004,0.514,-0.149,0.357,0.198,0.275,0.080,0.020,0.547,0.432,0.058,0.791,0.242,0.154,0.046,0.105,0.174,0.395,0.312,0.483,0.783,0.439,0.540,0.884,-0.001,0.948,0.175,0.651,0.138,0.373,0.235,0.061,0.187,0.492,0.196
2011-11-09 09:00:00,0.687,0.154,1.209,0.380,0.715,0.119,0.102,0.004,-0.185,0.185,0.126,0.047,0.270,-0.218,-0.082,-0.031,0.142,0.018,0.046,2.044,0.074,0.325,0.109,0.427,-0.005,0.377,0.481,-0.477,-0.067,0.619,0.262,0.047,0.416,0.247,0.000,0.152,0.153,0.325,0.318,0.379,0.180,0.399,-0.286,0.417,0.884,-0.101,0.642,0.645,0.288,0.454,0.570,0.618,0.420,0.525,0.121,0.291,0.422,0.623,-0.021,0.266,0.218,0.166,0.340,0.394,0.358,0.035,0.562,0.175,0.305,0.261,0.142,0.020,0.026,0.505,0.315,0.044,0.686,0.209,0.167,0.084,0.088,0.158,0.325,0.307,0.365,0.970,0.381,0.506,0.937,0.002,0.951,0.153,0.453,0.122,0.323,0.199,0.033,0.127,0.518,0.037
2011-11-09 10:00:00,0.402,0.011,1.003,0.346,0.448,-0.039,-0.147,-0.059,-0.269,0.063,-0.011,0.002,0.172,-0.283,-0.214,-0.051,0.128,0.066,0.053,1.826,0.057,-0.184,-0.141,0.124,-0.156,0.084,0.075,-0.486,-0.066,0.492,0.296,-0.104,0.519,0.248,0.000,0.268,0.172,0.363,0.297,0.248,0.176,0.421,-0.072,0.423,0.896,-0.013,0.644,0.616,0.312,0.383,0.528,0.593,0.443,0.419,0.117,0.278,0.458,0.388,-0.045,0.252,0.215,0.153,0.359,0.333,0.164,-0.124,0.454,0.173,0.161,0.085,-0.082,-0.017,0.024,0.503,0.253,0.021,0.531,0.204,0.152,0.076,0.055,0.142,0.243,0.261,0.303,0.974,0.394,0.440,1.027,0.046,0.829,0.172,0.541,0.230,0.277,0.111,0.065,0.161,0.467,-0.021
2011-11-09 11:00:00,0.292,0.088,0.876,0.370,0.496,0.167,-0.214,-0.046,-0.191,0.043,0.178,0.010,0.162,-0.330,-0.212,0.126,0.132,0.106,0.058,1.981,0.060,-0.144,-0.163,0.175,-0.329,0.383,-0.047,-0.441,-0.056,0.495,0.346,-0.089,0.658,0.280,0.000,0.549,0.209,0.421,0.255,0.247,0.275,0.568,0.015,0.486,0.881,-0.064,0.621,0.583,0.274,0.317,0.470,0.562,0.408,0.276,0.100,0.234,0.495,0.375,-0.058,0.439,0.190,0.146,0.238,0.315,0.157,-0.159,0.356,0.377,0.220,0.116,-0.064,-0.033,0.015,0.497,0.099,0.015,0.523,0.200,0.178,0.046,0.144,0.143,0.210,0.253,0.306,0.972,0.377,0.434,1.118,0.073,0.788,0.171,0.420,0.246,0.281,0.066,0.119,0.245,0.374,-0.082
2011-11-09 12:00:00,0.451,0.307,0.613,0.323,0.637,0.257,-0.131,-0.036,-0.149,0.006,0.250,0.017,0.235,-0.324,-0.098,0.107,0.123,0.293,0.052,2.010,0.041,0.226,-0.234,0.274,-0.275,0.749,-0.024,-0.262,0.066,0.594,0.477,-0.131,0.500,0.368,0.000,0.625,0.264,0.521,0.240,0.316,0.304,0.661,0.188,0.524,0.861,-0.012,0.678,0.565,0.273,0.298,0.496,0.552,0.410,0.283,0.113,0.294,0.583,0.850,-0.061,0.437,0.184,0.285,0.342,0.316,0.378,-0.231,0.485,0.430,0.346,0.233,-0.060,0.068,0.016,0.662,0.113,0.010,0.536,0.178,0.204,-0.010,0.217,0.161,0.219,0.213,0.347,1.059,0.387,0.487,1.130,0.081,0.742,0.180,0.350,0.275,0.312,0.126,0.173,0.354,0.333,-0.165
2011-11-09 13:00:00,0.703,0.222,0.788,0.367,0.834,0.245,0.205,0.077,0.097,0.179,0.232,0.103,0.300,-0.239,0.159,0.086,0.124,0.416,0.057,2.191,0.050,0.594,-0.073,0.457,-0.074,0.941,0.281,-0.065,0.324,0.714,0.496,-0.009,0.754,0.455,0.000,0.725,0.353,0.561,0.263,0.522,0.519,0.820,0.218,0.611,0.810,0.244,0.746,0.606,0.237,0.292,0.356,0.686,0.358,0.199,0.111,0.284,0.650,1.045,0.009,0.499,0.169,0.312,0.293,0.372,0.582,-0.014,0.524,0.433,0.502,0.399,-0.012,0.235,0.004,0.798,0.300,0.021,0.501,0.223,0.246,0.081,0.243,0.165,0.245,0.300,0.444,1.304,0.565,0.591,1.431,0.118,0.759,0.209,0.492,0.387,0.391,0.268,0.201,0.404,0.407,0.205
2011-11-09 14:00:00,0.699,0.293,0.724,0.404,0.683,0.282,0.253,0.071,0.336,0.261,0.280,0.114,0.276,-0.252,0.094,0.167,0.120,0.506,0.066,2.357,0.069,0.609,-0.129,0.475,-0.079,0.714,0.254,-0.071,0.261,0.706,0.489,0.064,0.909,0.489,0.000,0.764,0.377,0.657,0.332,0.490,0.783,0.888,0.274,0.699,0.818,0.373,0.772,0.599,0.235,0.275,0.275,0.792,0.405,0.200,0.154,0.328,0.729,0.742,0.015,0.435,0.197,0.325,0.356,0.352,0.466,0.061,0.482,0.462,0.603,0.420,0.038,0.346,0.009,0.876,0.355,0.036,0.544,0.212,0.245,0.174,0.277,0.181,0.312,0.323,0.494,1.279,0.720,0.645,1.471,0.131,0.811,0.201,0.636,0.502,0.425,0.288,0.219,0.478,0.373,0.515
2011-11-09 15:00:00,0.709,0.384,0.576,0.539,0.637,0.240,0.349,0.084,0.198,0.291,0.247,0.124,0.202,-0.247,0.119,0.216,0.119,0.429,0.071,2.176,0.079,0.617,-0.079,0.411,-0.280,0.375,0.176,-0.043,0.128,0.687,0.545,0.093,0.993,0.561,0.000,0.808,0.397,0.686,0.330,0.620,0.904,0.935,0.266,0.694,0.875,0.379,0.869,0.665,0.343,0.549,0.334,0.842,0.423,0.184,0.185,0.342,0.635,0.787,0.074,0.548,0.209,0.331,0.390,0.447,0.485,-0.027,0.459,0.434,0.669,0.489,0.144,0.444,-0.004,0.816,0.361,0.034,0.550,0.256,0.240,0.209,0.256,0.200,0.345,0.411,0.560,1.316,0.898,0.716,1.512,0.136,0.872,0.216,0.707,0.500,0.484,0.316,0.177,0.486,0.361,0.401
2011-11-09 16:00:00,0.966,0.432,0.565,0.736,0.854,0.337,0.603,0.095,0.095,0.432,0.186,0.126,0.245,-0.177,0.230,0.219,0.136,0.600,0.090,2.490,0.077,0.916,0.082,0.600,-0.119,0.688,0.403,-0.086,0.206,0.799,0.520,0.224,1.265,0.655,0.000,0.898,0.481,0.724,0.393,0.805,0.966,0.897,0.257,0.627,0.853,0.394,0.962,0.749,0.507,0.736,0.457,0.811,0.539,0.260,0.231,0.408,0.677,0.871,0.170,0.530,0.234,0.522,0.576,0.402,0.973,0.038,0.614,0.589,0.873,0.655,0.336,0.568,-0.010,0.935,0.439,0.049,0.593,0.298,0.252,0.277,0.272,0.247,0.455,0.452,0.723,1.340,1.133,0.857,1.643,0.127,1.090,0.202,0.846,0.489,0.517,0.381,0.236,0.505,0.497,0.579
2011-11-09 17:00:00,1.102,0.360,0.445,0.778,0.871,0.192,0.653,0.089,-0.025,0.500,0.019,0.094,0.241,-0.150,0.228,0.151,0.165,0.511,0.127,2.468,0.054,0.664,0.186,0.604,0.223,0.648,0.656,-0.101,0.341,0.793,0.567,0.220,1.417,0.779,0.000,0.973,0.504,0.781,0.510,0.853,1.122,0.822,0.214,0.597,0.937,0.583,1.091,0.891,0.754,1.049,0.511,0.896,0.616,0.291,0.295,0.482,0.747,1.280,0.383,0.662,0.240,0.893,0.619,0.418,1.533,-0.048,0.664,0.382,0.943,0.627,0.269,0.740,0.630,1.013,0.557,0.043,0.730,0.383,0.259,0.403,0.244,0.275,0.582,0.505,0.789,1.298,1.278,1.036,1.725,0.139,1.247,0.201,1.054,0.505,0.589,0.431,0.244,0.477,0.584,1.251
2011-11-09 18:00:00,1.181,0.339,0.717,0.800,0.904,0.453,0.838,0.168,0.133,0.517,0.084,0.149,0.283,-0.091,0.185,0.088,0.188,0.303,0.151,2.410,0.055,0.896,0.521,0.853,0.582,0.974,0.709,-0.148,0.501,0.739,0.584,0.407,1.521,0.893,0.000,0.899,0.511,0.851,0.546,0.839,1.311,0.709,0.228,0.641,1.014,0.768,1.014,0.864,0.924,1.156,0.580,0.972,0.775,0.326,0.241,0.464,0.724,1.349,0.369,0.619,0.273,0.907,0.683,0.461,1.557,0.108,0.643,0.365,1.084,0.791,0.520,0.831,0.755,1.023,0.595,0.055,0.833,0.399,0.269,0.501,0.230,0.333,0.674,0.501,0.802,1.201,1.296,1.015,1.802,0.173,1.288,0.167,1.082,0.533,0.619,0.488,0.245,0.434,0.793,1.065
2011-11-09 19:00:00,1.104,0.258,0.778,0.655,1.126,0.314,0.991,0.278,0.287,0.454,0.186,0.182,0.294,-0.020,0.095,0.036,0.187,0.141,0.167,2.212,0.059,0.650,0.781,0.797,1.102,1.195,0.753,-0.105,0.569,0.731,0.540,0.437,1.575,0.978,0.000,0.822,0.540,0.921,0.536,0.846,1.422,0.649,0.246,0.777,1.052,0.901,0.975,0.915,1.039,1.134,0.657,1.087,0.854,0.419,0.274,0.469,0.757,1.056,0.420,0.550,0.304,1.016,0.725,0.570,1.457,0.164,0.592,0.253,1.094,0.793,0.677,0.807,0.866,1.019,0.576,0.080,1.034,0.466,0.305,0.568,0.257,0.370,0.592,0.533,0.800,1.142,1.316,1.001,1.927,0.213,1.414,0.145,0.941,0.516,0.630,0.640,0.231,0.391,0.936,0.457
2011-11-09 20:00:00,0.914,0.078,0.830,0.789,1.063,0.211,0.977,0.289,0.436,0.426,0.019,0.258,0.215,-0.047,-0.023,0.093,0.197,-0.148,0.184,2.021,0.071,0.683,0.792,0.466,1.310,0.983,0.536,0.006,0.428,0.542,0.538,0.369,1.536,0.959,0.000,0.660,0.489,0.938,0.580,0.884,1.397,0.620,0.094,0.758,1.082,0.980,0.860,0.925,1.109,1.097,0.648,1.269,0.840,0.541,0.325,0.440,0.729,1.076,0.526,0.515,0.376,1.005,0.750,0.703,0.652,0.170,0.402,0.287,0.886,0.709,0.491,0.699,0.886,0.942,0.615,0.147,0.872,0.428,0.314,0.525,0.292,0.398,0.570,0.493,0.731,1.000,1.241,1.009,1.954,0.223,1.463,0.128,0.769,0.463,0.593,0.722,0.202,0.380,0.948,0.330
2011-11-09 21:00:00,0.632,0.151,0.843,0.719,0.812,0.221,0.886,0.221,0.537,0.487,0.177,0.280,0.198,-0.044,-0.109,0.162,0.189,-0.116,0.208,1.757,0.087,0.707,0.762,0.269,1.188,0.919,0.346,-0.025,0.305,0.555,0.431,0.385,1.414,0.756,0.000,0.594,0.413,0.894,0.635,0.669,1.245,0.619,-0.103,0.777,1.106,0.894,0.730,0.912,1.018,1.121,0.617,1.265,0.683,0.597,0.310,0.389,0.512,0.923,0.584,0.479,0.387,0.809,0.487,0.695,0.450,0.239,0.242,0.386,0.778,0.624,0.401,0.516,0.923,0.866,0.597,0.155,0.758,0.316,0.267,0.489,0.291,0.429,0.521,0.411,0.598,0.937,1.111,0.954,1.797,0.244,1.479,0.116,0.690,0.352,0.493,0.653,0.180,0.332,0.944,0.166
2011-11-09 22:00:00,0.498,0.133,0.761,0.536,0.701,0.152,0.690,0.134,0.234,0.434,-0.033,0.261,0.151,-0.061,-0.156,0.169,0.194,-0.168,0.176,1.768,0.077,0.130,0.543,0.031,0.907,0.862,0.473,-0.170,0.301,0.508,0.405,0.265,1.273,0.515,0.000,0.496,0.366,0.714,0.588,0.496,0.976,0.593,-0.147,0.985,1.063,0.801,0.498,0.836,0.766,0.890,0.654,1.124,0.556,0.502,0.246,0.235,0.289,0.620,0.389,0.284,0.346,0.622,0.299,0.632,0.378,0.070,0.121,0.301,0.639,0.296,0.190,0.303,0.883,0.820,0.556,0.136,0.565,0.261,0.278,0.420,0.259,0.402,0.454,0.392,0.506,0.826,0.961,0.880,1.745,0.246,1.292,0.111,0.578,0.259,0.404,0.618,0.166,0.183,0.771,0.027
2011-11-09 23:00:00,0.251,0.042,0.542,0.297,0.479,0.031,0.641,0.054,0.073,0.232,-0.152,0.246,0.022,-0.114,-0.244,0.071,0.215,-0.235,0.162,1.422,0.068,0.042,0.281,-0.092,0.291,0.701,0.270,-0.262,0.232,0.511,0.357,0.253,1.018,0.373,0.000,0.328,0.328,0.515,0.452,0.458,0.589,0.431,-0.128,1.119,0.987,0.583,0.365,0.746,0.525,0.686,0.542,0.929,0.438,0.368,0.246,0.157,0.198,0.738,0.147,0.233,0.294,0.496,0.293,0.470,0.212,-0.101,0.031,0.339,0.500,0.055,0.055,0.159,0.922,0.732,0.547,0.208,0.489,0.173,0.268,0.299,0.223,0.375,0.332,0.304,0.366,0.556,0.727,0.702,1.723,0.214,0.969,0.121,0.375,0.234,0.274,0.542,0.124,0.157,0.575,-0.113
2011-11-10 00:00:00,0.066,-0.250,0.301,0.272,0.373,0.074,0.387,-0.016,0.085,0.083,-0.190,0.196,-0.018,-0.208,-0.265,-0.034,0.206,-0.292,0.164,1.312,0.050,-0.099,0.041,-0.084,-0.067,0.680,0.302,-0.311,-0.082,0.441,0.254,0.133,0.893,0.205,0.000,0.240,0.259,0.373,0.330,0.352,0.430,0.351,-0.167,0.982,0.994,0.338,0.352,0.609,0.412,0.442,0.400,0.851,0.432,0.214,0.276,0.109,0.164,0.574,0.065,0.220,0.237,0.411,0.300,0.346,0.195,-0.280,0.060,0.199,0.421,-0.144,0.169,0.003,0.892,0.610,0.404,0.236,0.304,0.188,0.206,0.151,0.231,0.336,0.277,0.260,0.259,0.365,0.526,0.478,1.469,0.208,0.800,0.143,0.287,0.219,0.211,0.400,0.113,0.173,0.411,-0.274
2011-11-10 01:00:00,-0.011,-0.183,0.395,0.274,0.342,-0.098,0.258,-0.056,0.122,0.017,-0.295,0.169,-0.082,-0.261,-0.305,-0.113,0.191,-0.375,0.149,1.357,0.039,0.069,-0.130,-0.123,-0.384,0.335,0.307,-0.392,-0.251,0.369,0.287,0.083,0.667,0.206,0.000,0.110,0.244,0.280,0.303,0.400,0.431,0.361,-0.198,0.705,1.030,0.300,0.329,0.548,0.391,0.324,0.393,0.836,0.368,0.172,0.264,0.113,0.110,0.740,0.072,0.190,0.214,0.280,0.246,0.266,-0.006,-0.278,-0.002,0.104,0.289,-0.157,0.054,-0.057,0.889,0.622,0.403,0.217,0.296,0.150,0.182,0.089,0.234,0.307,0.252,0.220,0.318,0.244,0.418,0.414,1.211,0.180,0.735,0.123,0.238,0.224,0.224,0.348,0.131,0.197,0.190,-0.300
2011-11-10 02:00:00,0.140,-0.083,0.444,0.184,0.550,-0.122,0.341,0.000,0.066,0.137,-0.122,0.128,-0.080,-0.236,-0.204,-0.219,0.183,-0.252,0.158,1.396,0.054,0.091,-0.110,0.076,-0.472,0.543,0.631,-0.413,-0.402,0.561,0.259,0.118,0.687,0.235,0.000,-0.000,0.214,0.282,0.323,0.447,0.486,0.395,-0.314,0.432,0.909,0.216,0.339,0.548,0.313,0.168,0.327,0.805,0.352,0.148,0.244,0.120,0.099,0.702,0.041,0.086,0.189,0.205,0.275,0.191,0.127,-0.110,0.091,0.053,0.198,-0.075,-0.239,-0.031,0.897,0.614,0.422,0.190,0.313,0.193,0.223,0.112,0.251,0.248,0.276,0.260,0.335,0.168,0.341,0.428,1.038,0.145,0.726,0.132,0.091,0.263,0.247,0.369,0.213,0.211,0.283,-0.024
2011-11-10 03:00:00,0.222,-0.105,0.451,0.393,0.442,-0.157,0.244,-0.041,-0.087,0.113,-0.250,0.114,-0.119,-0.272,-0.241,-0.238,0.182,-0.321,0.138,1.487,0.042,0.254,-0.189,0.044,-0.462,0.056,0.724,-0.377,-0.346,0.491,0.338,0.022,0.545,0.210,0.000,-0.195,0.183,0.236,0.286,0.460,0.444,0.319,-0.382,0.221,0.937,0.075,0.417,0.562,0.321,0.214,0.328,0.800,0.347,0.170,0.276,0.097,0.138,0.670,0.069,0.120,0.164,0.261,0.319,0.212,-0.036,-0.084,0.118,-0.014,0.051,-0.114,-0.332,-0.104,0.888,0.542,0.457,0.092,0.457,0.176,0.191,0.130,0.199,0.209,0.311,0.242,0.224,0.222,0.253,0.404,0.891,0.090,0.693,0.132,0.050,0.277,0.219,0.302,0.286,0.193,0.242,0.583
2011-11-10 04:00:00,0.096,-0.069,0.536,0.479,0.334,-0.041,0.264,-0.103,-0.198,0.070,-0.150,0.085,-0.127,-0.281,-0.252,-0.153,0.178,-0.260,0.132,1.502,0.055,0.266,-0.125,0.183,-0.670,-0.175,0.501,-0.475,-0.572,0.527,0.432,-0.023,0.542,0.221,0.000,-0.283,0.155,0.175,0.297,0.420,0.331,0.248,-0.432,0.206,0.920,-0.050,0.514,0.576,0.342,0.164,0.284,0.741,0.347,0.205,0.329,0.137,0.204,0.772,0.119,0.191,0.151,0.477,0.322,0.203,0.126,-0.184,0.180,-0.092,0.004,-0.087,-0.288,-0.108,0.906,0.473,0.434,0.173,0.472,0.177,0.198,0.137,0.142,0.231,0.407,0.245,0.194,0.248,0.236,0.394,0.743,0.051,0.672,0.151,0.235,0.311,0.198,0.214,0.429,0.155,0.099,0.753
2011-11-10 05:00:00,0.247,-0.088,0.644,0.469,0.584,-0.137,0.320,-0.129,-0.475,0.005,-0.076,-0.044,-0.007,-0.283,-0.239,-0.234,0.196,-0.256,0.124,1.805,0.057,-0.054,0.068,0.245,-0.396,0.228,0.659,-0.519,-0.444,0.643,0.650,0.000,0.638,0.289,0.000,-0.189,0.171,0.124,0.385,0.414,0.354,0.223,-0.399,0.400,0.971,-0.096,0.646,0.600,0.320,0.275,0.356,0.639,0.435,0.259,0.367,0.221,0.348,0.929,0.202,0.319,0.177,0.823,0.529,0.216,0.404,-0.223,0.423,-0.082,0.166,-0.042,-0.124,-0.075,0.825,0.466,0.398,0.283,0.599,0.184,0.176,0.170,0.128,0.229,0.411,0.207,0.318,0.289,0.269,0.419,0.659,-0.022,0.778,0.165,0.263,0.338,0.239,0.205,0.553,0.194,0.135,0.135
2011-11-10 06:00:00,0.346,-0.081,0.908,0.644,0.521,0.026,0.242,-0.157,-0.496,-0.108,-0.121,-0.071,0.012,-0.355,-0.277,-0.344,0.189,-0.252,0.096,1.839,0.048,0.166,0.108,0.264,-0.371,0.135,0.467,-0.378,-0.247,0.682,0.859,0.057,0.577,0.322,0.000,-0.044,0.217,0.109,0.417,0.473,0.370,0.186,-0.277,0.841,1.019,-0.070,0.700,0.666,0.328,0.334,0.457,0.583,0.611,0.296,0.339,0.311,0.472,0.985,0.251,0.324,0.191,0.848,0.623,0.279,0.233,-0.306,0.557,-0.174,0.204,-0.006,-0.131,-0.033,0.846,0.490,0.352,0.258,0.683,0.198,0.166,0.165,0.110,0.198,0.291,0.220,0.254,0.517,0.259,0.490,0.601,-0.048,0.892,0.234,0.301,0.464,0.302,0.207,0.493,0.267,0.260,-0.046
2011-11-10 07:00:00,0.361,0.027,1.411,0.913,0.493,0.108,0.410,-0.085,-0.118,-0.047,0.174,-0.059,0.125,-0.343,-0.196,-0.195,0.155,-0.232,0.057,1.950,0.059,0.317,0.310,0.416,-0.089,0.434,0.642,-0.387,-0.144,0.762,0.687,0.222,0.490,0.320,0.000,0.137,0.257,0.124,0.338,0.309,0.463,0.229,-0.220,1.056,0.974,0.006,0.719,0.711,0.337,0.464,0.503,0.629,0.855,0.485,0.241,0.284,0.598,1.074,0.282,0.351,0.225,0.963,0.454,0.322,0.293,-0.032,0.707,-0.192,0.430,0.126,-0.025,0.066,0.043,0.471,0.299,0.180,0.762,0.241,0.191,0.134,0.103,0.163,0.314,0.198,0.250,0.811,0.308,0.464,0.659,-0.053,0.819,0.208,0.443,0.621,0.372,0.128,0.340,0.226,0.298,0.048
2011-11-10 08:00:00,0.329,0.221,1.579,0.778,0.393,0.087,0.380,-0.057,-0.136,-0.158,0.293,-0.017,0.129,-0.362,-0.269,-0.120,0.130,-0.062,0.049,1.902,0.062,0.254,0.078,0.205,-0.145,0.302,0.595,-0.293,-0.085,0.686,0.575,0.270,0.458,0.333,0.000,0.164,0.264,0.221,0.324,0.337,0.516,0.395,-0.205,0.991,1.001,0.038,0.656,0.612,0.360,0.528,0.564,0.672,0.659,0.690,0.161,0.253,0.525,0.784,0.202,0.338,0.248,0.691,0.188,0.335,0.084,0.081,0.637,-0.084,0.426,0.074,0.093,0.151,0.033,0.436,0.391,0.295,0.811,0.203,0.172,0.095,0.151,0.156,0.319,0.213,0.333,0.884,0.338,0.419,0.801,-0.027,1.006,0.193,0.462,0.627,0.392,0.118,0.224,0.284,0.272,-0.133
2011-11-10 09:00:00,0.255,0.284,1.622,0.586,0.606,0.152,0.431,0.012,0.050,-0.039,0.318,0.019,0.106,-0.340,-0.114,0.030,0.104,0.259,0.054,2.148,0.069,0.294,0.244,0.181,-0.181,0.451,0.560,-0.245,0.023,0.850,0.476,0.256,0.275,0.361,0.000,0.315,0.317,0.341,0.345,0.456,0.477,0.563,-0.216,0.900,0.867,-0.053,0.583,0.557,0.350,0.431,0.562,0.585,0.471,0.699,0.127,0.220,0.381,0.305,0.104,0.283,0.239,0.293,0.218,0.372,0.175,0.120,0.630,0.154,0.537,0.263,0.045,0.102,0.042,0.402,0.529,0.506,0.757,0.214,0.160,0.136,0.206,0.161,0.275,0.203,0.369,1.180,0.380,0.434,0.935,-0.019,0.860,0.196,0.453,0.523,0.474,0.135,0.202,0.344,0.354,-0.179
2011-11-10 10:00:00,0.473,0.781,1.541,0.514,0.540,0.211,0.334,-0.020,-0.161,0.051,0.386,0.047,0.133,-0.364,-0.002,0.187,0.112,0.587,0.045,2.088,0.065,0.454,0.099,0.180,-0.095,0.317,0.425,-0.155,0.063,0.862,0.527,0.310,0.293,0.395,0.000,0.361,0.408,0.437,0.274,0.429,0.335,0.751,-0.100,1.131,0.948,-0.006,0.501,0.561,0.254,0.270,0.506,0.495,0.404,0.524,0.124,0.185,0.294,0.251,0.050,0.170,0.207,0.093,0.198,0.314,0.271,0.026,0.611,0.488,0.638,0.087,0.144,0.104,0.034,0.443,0.483,0.444,0.631,0.192,0.174,0.092,0.224,0.131,0.253,0.217,0.502,1.406,0.406,0.424,1.012,0.037,0.852,0.196,0.455,0.373,0.461,0.108,0.170,0.363,0.402,-0.099
2011-11-10 11:00:00,0.552,1.133,1.529,0.430,0.653,0.329,0.451,0.032,0.060,0.094,0.355,0.143,0.269,-0.300,0.180,0.289,0.117,0.886,0.041,2.397,0.093,0.598,0.051,0.277,-0.023,0.516,0.431,0.054,0.471,1.037,0.649,0.365,0.472,0.490,0.000,0.642,0.527,0.526,0.216,0.589,0.337,0.940,0.138,1.429,0.886,0.129,0.517,0.540,0.208,0.167,0.365,0.455,0.443,0.283,0.132,0.146,0.304,0.274,0.004,0.122,0.176,0.091,0.097,0.217,0.503,0.044,0.509,0.503,0.715,0.105,0.277,0.140,0.031,0.549,0.501,0.355,0.619,0.217,0.182,0.051,0.234,0.147,0.272,0.242,0.651,1.479,0.452,0.431,1.216,0.099,0.778,0.198,0.471,0.347,0.496,0.172,0.139,0.425,0.470,0.087
2011-11-10 12:00:00,0.567,1.018,1.057,0.331,0.855,0.311,0.458,0.104,0.119,0.032,0.398,0.130,0.279,-0.271,0.266,0.411,0.129,0.952,0.052,2.402,0.103,0.630,0.216,0.391,0.070,0.829,0.569,0.094,0.476,1.156,0.747,0.273,0.718,0.604,0.000,0.990,0.700,0.586,0.219,0.597,0.489,1.077,0.376,1.296,0.795,0.258,0.568,0.569,0.174,0.210,0.297,0.510,0.415,0.191,0.139,0.159,0.293,0.492,-0.019,0.196,0.159,0.189,0.190,0.241,0.628,0.013,0.544,0.653,0.794,0.272,0.273,0.232,0.024,0.658,0.406,0.190,0.667,0.227,0.232,0.087,0.322,0.180,0.318,0.273,0.639,1.601,0.513,0.500,1.368,0.132,0.704,0.261,0.519,0.420,0.552,0.254,0.140,0.537,0.478,0.217
2011-11-10 13:00:00,0.687,0.898,0.881,0.385,0.772,0.379,0.462,0.147,0.237,0.054,0.444,0.157,0.325,-0.282,0.328,0.441,0.122,0.926,0.054,2.444,0.084,1.145,0.349,0.413,0.071,0.786,0.585,0.423,0.517,1.058,0.759,0.255,0.842,0.674,0.000,1.314,0.736,0.636,0.245,0.549,0.747,1.171,0.588,0.994,0.869,0.571,0.669,0.623,0.246,0.209,0.284,0.555,0.413,0.200,0.157,0.231,0.327,0.705,0.026,0.347,0.162,0.225,0.207,0.234,0.499,0.018,0.554,0.731,0.870,0.370,0.353,0.379,0.017,0.776,0.447,0.142,0.618,0.235,0.252,0.199,0.384,0.201,0.322,0.285,0.680,1.758,0.605,0.531,1.417,0.184,0.807,0.264,0.559,0.468,0.560,0.308,0.129,0.632,0.516,0.380
2011-11-10 14:00:00,0.706,0.674,1.196,0.508,0.996,0.380,0.625,0.249,0.709,0.334,0.533,0.202,0.391,-0.189,0.502,0.556,0.127,1.150,0.055,2.771,0.107,1.501,0.602,0.743,0.298,1.016,0.914,0.446,0.691,1.153,0.852,0.446,1.027,0.790,0.000,1.436,0.800,0.702,0.287,0.680,1.195,1.253,0.655,0.923,0.821,0.710,0.762,0.692,0.256,0.262,0.209,0.634,0.418,0.190,0.216,0.271,0.332,0.665,0.187,0.328,0.172,0.278,0.282,0.307,0.807,0.169,0.607,0.594,1.007,0.683,0.534,0.500,0.016,0.899,0.619,0.207,0.714,0.267,0.313,0.307,0.406,0.225,0.376,0.398,0.858,1.957,0.766,0.669,1.555,0.270,1.078,0.268,0.583,0.530,0.658,0.458,0.147,0.694,0.618,0.754
2011-11-10 15:00:00,0.948,0.870,1.170,0.507,1.191,0.399,0.775,0.338,0.676,0.564,0.658,0.210,0.389,-0.081,0.592,0.548,0.124,1.063,0.067,2.846,0.090,1.533,0.794,0.896,0.619,1.347,1.127,0.538,0.772,1.208,0.849,0.521,1.154,0.934,0.000,1.432,0.885,0.765,0.331,0.893,1.470,1.380,0.672,0.852,0.869,0.679,0.817,0.752,0.359,0.424,0.194,0.722,0.467,0.226,0.275,0.375,0.407,0.629,0.216,0.482,0.216,0.410,0.327,0.366,1.108,0.270,0.719,0.638,1.143,0.808,0.485,0.647,-0.004,0.990,0.704,0.280,0.715,0.299,0.316,0.442,0.438,0.277,0.473,0.490,0.800,2.097,0.891,0.769,1.642,0.316,1.196,0.287,0.593,0.561,0.721,0.622,0.186,0.753,0.806,0.747
2011-11-10 16:00:00,1.007,0.738,0.809,0.596,1.033,0.313,0.583,0.274,0.471,0.600,0.342,0.283,0.228,-0.116,0.559,0.426,0.147,0.960,0.091,2.802,0.065,1.592,0.590,0.807,0.390,0.908,0.869,0.566,0.656,1.016,0.747,0.476,1.207,0.968,0.000,1.249,0.872,0.756,0.390,1.066,1.562,1.226,0.611,0.766,0.884,0.713,0.981,0.758,0.509,0.591,0.297,0.752,0.523,0.281,0.276,0.391,0.484,0.822,0.248,0.393,0.222,0.472,0.591,0.395,1.010,0.179,0.817,0.524,1.018,0.835,0.377,0.761,0.058,1.043,0.768,0.320,0.745,0.339,0.316,0.540,0.358,0.322,0.686,0.581,0.810,1.896,0.932,0.892,1.559,0.304,1.323,0.277,0.690,0.580,0.790,0.633,0.200,0.685,0.887,0.851
2011-11-10 17:00:00,0.938,0.528,0.770,0.711,1.089,0.351,0.692,0.237,0.357,0.682,0.361,0.280,0.378,-0.046,0.621,0.367,0.166,0.791,0.117,2.749,0.063,1.680,0.772,1.006,0.231,1.210,0.908,0.255,0.608,0.993,0.650,0.555,1.476,0.914,0.000,1.039,0.858,0.774,0.552,1.056,1.653,1.132,0.459,1.000,0.947,0.743,1.129,0.913,0.649,0.787,0.434,0.792,0.652,0.349,0.358,0.438,0.597,0.949,0.412,0.731,0.255,0.768,0.624,0.390,1.729,0.190,0.875,0.487,1.089,0.812,0.403,0.799,0.789,1.054,0.806,0.403,0.781,0.385,0.308,0.620,0.262,0.335,0.683,0.589,0.880,1.627,0.913,1.106,1.574,0.294,1.332,0.296,0.796,0.592,0.755,0.591,0.213,0.596,0.977,1.436
2011-11-10 18:00:00,0.963,0.460,0.740,0.721,1.024,0.155,0.335,0.135,0.128,0.562,0.046,0.142,0.232,-0.080,0.399,0.110,0.168,0.575,0.137,2.547,0.060,0.867,0.610,0.733,0.451,1.222,0.936,-0.078,0.419,0.820,0.570,0.441,1.484,0.881,0.000,1.049,0.765,0.763,0.574,0.899,1.678,0.912,0.338,1.153,1.013,0.714,1.155,0.996,0.749,1.005,0.522,0.880,0.742,0.450,0.348,0.515,0.706,1.320,0.532,0.800,0.281,0.930,0.587,0.379,1.767,-0.048,0.832,0.341,1.089,0.687,0.288,0.757,0.782,0.985,0.727,0.474,0.842,0.406,0.265,0.543,0.216,0.359,0.609,0.594,0.802,1.461,0.845,1.123,1.440,0.230,1.516,0.312,0.818,0.512,0.695,0.572,0.211,0.477,0.963,1.233
2011-11-10 19:00:00,1.009,0.233,0.828,0.699,1.098,0.224,0.516,0.256,0.177,0.608,0.098,0.196,0.295,-0.015,0.415,0.011,0.203,0.282,0.165,2.541,0.059,0.945,0.880,0.906,0.946,1.428,0.873,-0.098,0.734,0.837,0.531,0.529,1.617,0.857,0.000,0.892,0.709,0.749,0.527,0.965,1.548,0.695,0.237,1.085,0.995,0.746,1.040,0.962,0.761,0.997,0.555,1.025,0.740,0.485,0.317,0.445,0.705,1.151,0.549,0.654,0.315,0.980,0.571,0.494,1.544,0.178,0.652,0.318,1.180,0.939,0.165,0.611,0.892,0.891,0.746,0.397,1.000,0.399,0.221,0.477,0.202,0.399,0.645,0.556,0.724,1.293,0.828,1.013,1.405,0.165,1.463,0.231,0.785,0.395,0.678,0.620,0.180,0.385,0.926,0.636
2011-11-10 20:00:00,0.896,0.144,0.815,0.675,0.975,0.151,0.450,0.265,0.408,0.506,0.054,0.242,0.214,-0.041,0.170,-0.118,0.190,0.093,0.165,2.164,0.063,0.987,0.814,0.765,1.521,0.875,0.694,-0.135,0.489,0.643,0.388,0.466,1.769,0.763,0.000,0.712,0.618,0.705,0.497,0.993,1.522,0.598,0.104,0.864,1.146,0.794,0.904,0.896,0.826,1.006,0.633,1.073,0.767,0.531,0.325,0.412,0.671,0.880,0.493,0.572,0.350,0.941,0.536,0.533,1.003,0.144,0.477,0.216,1.062,0.838,0.280,0.437,0.855,0.867,0.706,0.504,0.759,0.386,0.249,0.526,0.190,0.426,0.602,0.528,0.777,1.158,0.891,0.997,1.418,0.145,1.491,0.133,0.775,0.368,0.682,0.647,0.164,0.333,0.979,0.404
2011-11-10 21:00:00,0.468,-0.131,0.886,0.645,0.781,0.009,0.266,0.225,0.489,0.333,-0.013,0.257,0.073,-0.062,0.109,-0.034,0.184,-0.256,0.161,1.679,0.064,0.635,0.759,0.288,1.353,0.540,0.256,-0.160,0.194,0.490,0.342,0.380,1.775,0.650,0.000,0.492,0.516,0.636,0.538,0.797,1.274,0.499,-0.129,0.604,1.099,0.733,0.806,0.857,0.847,0.957,0.609,1.067,0.761,0.524,0.335,0.349,0.486,0.824,0.439,0.370,0.345,0.772,0.410,0.641,0.303,0.134,0.115,0.158,0.712,0.625,-0.017,0.267,0.861,0.808,0.645,0.362,0.772,0.358,0.252,0.500,0.144,0.415,0.481,0.452,0.683,0.934,0.805,0.955,1.335,0.148,1.162,0.111,0.690,0.401,0.553,0.606,0.146,0.255,0.875,0.178
2011-11-10 22:00:00,0.568,-0.079,0.810,0.362,0.776,0.001,0.191,0.151,0.324,0.416,0.134,0.230,0.099,-0.090,0.100,-0.098,0.178,-0.208,0.180,1.603,0.064,0.436,0.611,0.145,1.119,0.639,0.307,-0.101,-0.002,0.558,0.298,0.293,1.564,0.365,0.000,0.170,0.368,0.538,0.518,0.620,0.909,0.437,-0.372,0.502,0.990,0.620,0.577,0.835,0.718,0.806,0.596,0.961,0.654,0.442,0.290,0.278,0.375,0.633,0.277,0.244,0.313,0.557,0.334,0.580,0.326,0.107,0.030,0.381,0.520,0.565,-0.027,0.121,0.864,0.743,0.564,0.180,0.565,0.301,0.226,0.414,0.145,0.399,0.342,0.381,0.473,0.698,0.742,0.851,1.300,0.150,1.070,0.111,0.635,0.397,0.388,0.534,0.059,0.125,0.709,-0.038
2011-11-10 23:00:00,0.618,0.101,0.637,0.221,0.661,-0.025,0.247,0.100,-0.041,0.392,-0.163,0.214,0.171,-0.064,0.083,-0.198,0.205,-0.256,0.166,1.540,0.052,0.273,0.453,0.119,1.021,0.775,0.403,-0.100,0.442,0.540,0.353,0.210,1.352,0.175,0.000,0.142,0.315,0.427,0.442,0.434,0.595,0.408,-0.347,0.444,1.111,0.455,0.483,0.719,0.548,0.540,0.484,0.890,0.492,0.308,0.265,0.218,0.311,0.639,0.142,0.253,0.252,0.468,0.277,0.476,0.450,-0.041,0.027,0.301,0.430,0.139,-0.024,-0.019,0.875,0.673,0.528,0.191,0.476,0.222,0.182,0.357,0.133,0.389,0.286,0.297,0.396,0.496,0.670,0.656,1.278,0.185,0.933,0.098,0.648,0.328,0.263,0.449,0.081,0.053,0.606,-0.180
2011-11-11 00:00:00,0.301,-0.153,0.566,0.220,0.438,0.034,0.178,0.054,0.066,0.175,-0.231,0.238,-0.083,-0.134,-0.030,-0.158,0.192,-0.268,0.161,1.311,0.063,-0.047,0.223,0.098,0.567,0.502,0.311,-0.286,0.131,0.428,0.350,0.177,1.120,0.152,0.000,0.144,0.264,0.344,0.358,0.363,0.403,0.318,-0.263,0.353,0.930,0.311,0.414,0.658,0.388,0.349,0.438,0.831,0.375,0.216,0.256,0.187,0.278,0.706,0.016,0.137,0.206,0.331,0.280,0.383,0.264,-0.178,-0.087,0.229,0.259,-0.004,-0.032,-0.081,0.877,0.591,0.496,0.204,0.258,0.172,0.179,0.261,0.080,0.340,0.252,0.249,0.412,0.263,0.582,0.539,1.151,0.191,0.857,0.153,0.606,0.251,0.179,0.383,0.071,0.062,0.499,-0.298
2011-11-11 01:00:00,-0.002,-0.285,0.197,0.227,0.432,-0.003,-0.095,-0.021,0.165,-0.076,-0.074,0.157,-0.058,-0.248,0.034,-0.034,0.194,-0.482,0.154,1.170,0.046,-0.083,-0.056,-0.054,-0.103,0.620,0.172,-0.216,-0.143,0.425,0.288,0.010,0.830,0.068,0.000,0.136,0.219,0.259,0.318,0.288,0.331,0.280,-0.247,0.385,0.951,0.236,0.421,0.652,0.393,0.263,0.385,0.840,0.375,0.167,0.277,0.179,0.214,0.753,0.067,0.190,0.203,0.360,0.310,0.369,-0.066,-0.214,-0.057,0.152,0.143,-0.071,-0.141,-0.145,0.849,0.550,0.367,0.110,0.278,0.137,0.133,0.098,0.127,0.292,0.237,0.209,0.300,0.082,0.514,0.413,1.071,0.168,0.720,0.168,0.410,0.236,0.114,0.293,0.096,0.103,0.294,-0.520
2011-11-11 02:00:00,0.099,-0.108,0.440,0.222,0.591,-0.193,-0.060,-0.046,0.091,0.045,-0.152,0.150,0.025,-0.275,0.208,-0.151,0.171,-0.369,0.139,1.244,0.030,0.492,-0.168,0.077,-0.594,0.591,0.399,-0.206,-0.350,0.499,0.343,-0.046,0.652,0.079,0.000,0.036,0.230,0.211,0.343,0.232,0.287,0.277,-0.250,0.352,0.970,0.227,0.432,0.650,0.444,0.210,0.392,0.828,0.395,0.215,0.249,0.199,0.228,0.701,0.069,0.212,0.195,0.351,0.305,0.335,-0.106,-0.306,0.077,0.148,0.074,-0.146,-0.163,-0.137,0.864,0.571,0.402,0.045,0.210,0.151,0.135,0.009,0.208,0.250,0.205,0.191,0.250,0.092,0.521,0.413,1.021,0.127,0.894,0.154,0.343,0.224,0.137,0.228,0.122,0.141,0.122,-0.379
2011-11-11 03:00:00,0.096,-0.020,0.608,0.334,0.507,-0.070,-0.070,-0.063,0.079,0.222,-0.085,0.090,-0.047,-0.237,0.276,-0.101,0.182,-0.228,0.133,1.434,0.035,0.186,-0.108,0.139,-0.371,0.491,0.817,-0.317,-0.292,0.638,0.325,0.064,0.586,0.165,0.000,-0.088,0.186,0.202,0.357,0.391,0.249,0.353,-0.429,0.248,0.913,0.048,0.467,0.668,0.389,0.256,0.340,0.807,0.398,0.197,0.276,0.198,0.235,0.557,0.066,0.224,0.188,0.351,0.298,0.252,0.043,-0.086,0.079,-0.025,0.174,-0.123,-0.328,-0.162,0.848,0.593,0.443,0.067,0.366,0.173,0.113,0.032,0.266,0.215,0.254,0.217,0.289,0.230,0.557,0.448,0.951,0.058,0.766,0.129,0.305,0.223,0.159,0.204,0.140,0.181,0.155,0.360
2011-11-11 04:00:00,0.223,-0.004,0.430,0.466,0.153,-0.072,-0.285,-0.123,-0.140,0.099,-0.150,0.073,-0.082,-0.327,0.130,-0.085,0.152,-0.320,0.127,1.447,0.027,0.056,-0.355,0.140,-0.633,-0.011,0.682,-0.246,-0.451,0.563,0.284,0.036,0.506,0.227,0.000,-0.110,0.210,0.195,0.322,0.558,0.213,0.335,-0.449,0.243,1.046,-0.012,0.535,0.676,0.373,0.203,0.368,0.651,0.374,0.190,0.304,0.208,0.287,0.806,-0.054,0.022,0.127,0.267,0.323,0.224,-0.086,-0.171,0.148,-0.126,0.076,-0.198,-0.323,-0.192,0.858,0.593,0.424,0.156,0.467,0.186,0.155,0.072,0.263,0.205,0.461,0.218,0.295,0.284,0.634,0.516,0.796,0.042,0.718,0.143,0.228,0.187,0.158,0.213,0.156,0.234,0.143,0.688
2011-11-11 05:00:00,0.303,-0.013,0.406,0.658,0.376,-0.145,-0.143,-0.119,-0.257,-0.027,-0.148,0.067,0.025,-0.286,0.213,-0.014,0.150,-0.206,0.123,1.680,0.027,0.458,-0.147,0.356,-0.779,0.102,0.415,-0.369,-0.406,0.702,0.309,0.054,0.419,0.266,0.000,-0.110,0.199,0.149,0.408,0.590,0.242,0.279,-0.371,0.277,0.905,0.026,0.637,0.730,0.312,0.246,0.428,0.750,0.473,0.186,0.395,0.257,0.459,1.000,-0.067,0.234,0.135,0.577,0.480,0.283,0.323,-0.198,0.377,-0.141,0.083,-0.099,-0.309,-0.156,0.831,0.502,0.410,0.195,0.621,0.195,0.161,0.094,0.235,0.204,0.422,0.242,0.262,0.440,0.783,0.602,0.860,0.015,0.701,0.168,0.308,0.232,0.200,0.201,0.231,0.224,0.148,0.351
2011-11-11 06:00:00,0.503,-0.103,0.553,0.886,0.646,-0.119,-0.119,-0.117,-0.458,0.004,-0.093,-0.047,0.026,-0.275,0.105,-0.154,0.173,-0.124,0.114,1.819,0.042,0.113,0.066,0.308,-0.352,0.455,0.642,-0.225,-0.477,0.736,0.564,0.116,0.439,0.322,0.000,0.039,0.215,0.173,0.388,0.506,0.312,0.285,-0.330,0.292,0.999,0.036,0.721,0.847,0.332,0.343,0.623,0.743,0.562,0.287,0.341,0.359,0.644,1.171,0.008,0.289,0.162,0.813,0.635,0.355,0.545,-0.260,0.596,-0.086,0.184,0.026,-0.303,-0.112,0.825,0.513,0.442,0.074,0.693,0.190,0.144,0.130,0.222,0.179,0.376,0.241,0.366,0.707,0.888,0.591,0.854,0.003,0.710,0.294,0.406,0.275,0.214,0.189,0.264,0.294,0.209,0.182
2011-11-11 07:00:00,0.401,-0.029,0.848,1.296,0.455,-0.076,-0.160,-0.105,-0.244,0.013,-0.035,-0.041,0.129,-0.331,0.092,-0.037,0.189,-0.192,0.077,1.971,0.045,0.286,0.137,0.239,0.089,0.499,0.581,-0.000,0.098,0.770,0.730,0.223,0.364,0.346,0.000,0.182,0.182,0.209,0.389,0.364,0.439,0.259,-0.230,0.447,1.001,0.079,0.747,0.954,0.357,0.475,0.615,0.773,0.725,0.426,0.237,0.358,0.659,0.927,0.115,0.309,0.186,0.875,0.522,0.358,0.240,-0.071,0.639,-0.174,0.294,0.095,-0.241,-0.046,0.038,0.597,0.470,0.067,0.726,0.232,0.194,0.182,0.286,0.186,0.372,0.223,0.377,0.697,0.918,0.482,1.015,0.015,0.843,0.262,0.433,0.373,0.333,0.203,0.404,0.310,0.171,0.274
2011-11-11 08:00:00,0.518,0.156,1.193,1.162,0.479,0.048,0.015,-0.023,0.049,-0.010,0.301,-0.007,0.245,-0.317,0.043,0.100,0.138,-0.218,0.058,1.860,0.048,0.648,0.219,0.308,0.223,0.440,0.499,0.062,0.020,0.958,0.695,0.339,0.386,0.431,0.000,0.295,0.196,0.243,0.399,0.375,0.467,0.285,-0.094,0.692,1.014,0.105,0.730,0.794,0.342,0.564,0.680,0.764,0.702,0.582,0.159,0.352,0.637,0.870,0.097,0.301,0.231,0.752,0.382,0.429,0.209,-0.032,0.598,-0.119,0.384,0.219,0.063,0.007,0.018,0.602,0.466,0.378,0.658,0.251,0.166,0.169,0.349,0.185,0.340,0.254,0.362,0.941,0.957,0.434,1.211,0.033,0.896,0.222,0.408,0.487,0.343,0.170,0.267,0.425,0.137,0.001
2011-11-11 09:00:00,0.644,0.013,1.553,0.963,0.664,-0.016,0.304,0.018,-0.019,-0.049,0.415,0.124,0.299,-0.256,0.099,0.076,0.139,0.073,0.074,2.056,0.045,0.657,0.201,0.078,0.214,0.526,0.651,0.178,0.281,0.958,0.652,0.407,0.413,0.600,0.000,0.404,0.240,0.316,0.459,0.530,0.524,0.447,0.003,1.076,0.966,0.124,0.629,0.612,0.349,0.453,0.539,0.688,0.642,0.527,0.112,0.274,0.499,0.670,0.008,0.272,0.209,0.390,0.322,0.534,0.260,0.171,0.642,0.133,0.453,0.351,0.175,0.094,0.033,0.517,0.409,0.468,0.706,0.254,0.230,0.193,0.407,0.161,0.291,0.251,0.409,1.397,1.070,0.468,1.435,0.062,0.956,0.201,0.499,0.661,0.431,0.224,0.206,0.473,0.277,-0.107
2011-11-11 10:00:00,0.589,-0.036,1.719,0.946,0.671,0.030,0.239,0.011,-0.065,0.019,0.339,0.112,0.191,-0.316,0.072,0.161,0.131,0.360,0.073,2.070,0.061,0.394,0.138,-0.116,-0.048,0.467,0.492,0.302,0.322,1.043,0.718,0.329,0.394,0.634,0.000,0.422,0.332,0.374,0.431,0.553,0.502,0.552,0.058,1.415,0.822,0.051,0.573,0.558,0.322,0.388,0.547,0.559,0.533,0.466,0.112,0.282,0.474,0.600,-0.046,0.202,0.217,0.243,0.405,0.526,0.417,0.066,0.600,0.227,0.372,0.320,0.118,0.135,0.015,0.516,0.530,0.232,0.700,0.232,0.214,0.172,0.424,0.151,0.216,0.262,0.390,1.565,1.031,0.471,1.370,0.066,0.846,0.240,0.596,0.715,0.393,0.221,0.131,0.431,0.332,-0.086
2011-11-11 11:00:00,0.967,0.346,1.513,0.939,0.782,0.176,0.232,0.006,-0.042,0.140,0.432,0.098,0.358,-0.331,0.148,0.342,0.121,0.459,0.032,2.071,0.051,0.735,0.077,0.059,0.090,0.547,0.435,0.289,0.524,1.090,0.665,0.336,0.491,0.674,0.000,0.595,0.393,0.459,0.378,0.662,0.429,0.645,0.123,1.531,1.037,0.049,0.542,0.491,0.285,0.297,0.502,0.516,0.450,0.286,0.118,0.281,0.519,0.518,-0.057,0.200,0.197,0.222,0.323,0.331,0.528,0.025,0.579,0.511,0.585,0.206,0.426,0.246,0.018,0.502,0.391,0.058,0.600,0.205,0.190,0.099,0.404,0.148,0.216,0.247,0.414,1.774,0.943,0.451,1.535,0.095,0.809,0.223,0.590,0.694,0.351,0.201,0.178,0.554,0.403,-0.006
2011-11-11 12:00:00,0.972,0.396,1.058,0.580,0.773,0.257,0.314,0.023,0.073,0.079,0.447,0.197,0.388,-0.275,0.297,0.253,0.109,0.778,0.039,2.189,0.049,0.949,-0.164,0.169,-0.057,0.634,0.405,0.425,0.612,1.133,0.605,0.367,0.626,0.684,0.000,0.733,0.481,0.549,0.308,0.688,0.472,0.742,0.318,1.364,0.804,0.118,0.586,0.514,0.287,0.286,0.529,0.554,0.519,0.225,0.120,0.286,0.485,0.712,-0.019,0.206,0.207,0.350,0.362,0.406,0.545,-0.040,0.559,0.474,0.624,0.282,0.607,0.306,0.009,0.607,0.446,0.021,0.602,0.216,0.245,0.070,0.388,0.135,0.260,0.268,0.456,1.812,0.854,0.471,1.630,0.116,0.815,0.278,0.606,0.619,0.351,0.237,0.148,0.668,0.371,0.151
2011-11-11 13:00:00,0.806,0.084,0.739,0.552,1.018,0.255,0.390,0.098,0.128,0.076,0.468,0.236,0.294,-0.241,0.433,0.365,0.107,0.827,0.089,2.342,0.059,0.967,-0.026,0.313,-0.228,0.869,0.611,0.385,0.654,1.210,0.598,0.234,0.789,0.721,0.000,0.885,0.591,0.545,0.300,0.698,0.602,0.704,0.491,0.992,0.772,0.251,0.664,0.598,0.234,0.308,0.402,0.664,0.476,0.225,0.129,0.284,0.460,0.837,-0.012,0.233,0.201,0.382,0.272,0.410,0.599,0.038,0.637,0.508,0.614,0.409,0.454,0.282,0.003,0.609,0.231,0.021,0.601,0.224,0.196,0.089,0.352,0.140,0.267,0.250,0.430,1.721,0.692,0.463,1.627,0.137,0.789,0.313,0.668,0.604,0.332,0.244,0.145,0.612,0.328,0.399
2011-11-11 14:00:00,0.882,0.356,0.793,0.550,0.892,0.249,0.330,0.117,0.206,0.174,0.453,0.199,0.338,-0.258,0.544,0.351,0.116,0.815,0.062,2.317,0.054,1.367,-0.077,0.527,-0.364,0.670,0.532,0.414,0.464,1.102,0.691,0.306,1.193,0.761,0.000,0.910,0.621,0.604,0.311,0.816,0.923,0.709,0.621,0.877,0.872,0.390,0.680,0.528,0.298,0.296,0.306,0.680,0.420,0.291,0.137,0.285,0.499,0.738,-0.031,0.227,0.219,0.460,0.345,0.355,0.646,-0.037,0.639,0.701,0.691,0.447,0.626,0.308,-0.005,0.724,0.357,0.052,0.648,0.237,0.215,0.200,0.355,0.178,0.320,0.317,0.509,1.858,0.650,0.494,1.693,0.163,0.874,0.347,0.685,0.533,0.451,0.286,0.163,0.756,0.347,0.635
2011-11-11 15:00:00,0.987,0.479,1.103,0.621,1.186,0.351,0.436,0.220,0.351,0.465,0.405,0.235,0.302,-0.179,0.713,0.388,0.116,0.997,0.047,2.615,0.073,1.254,0.119,0.790,0.116,0.978,0.827,0.380,0.762,1.214,0.695,0.552,1.428,0.807,0.000,1.007,0.753,0.636,0.304,0.855,1.257,0.702,0.604,0.792,0.843,0.435,0.751,0.625,0.422,0.369,0.353,0.786,0.364,0.225,0.178,0.340,0.495,0.735,0.018,0.299,0.218,0.333,0.409,0.452,0.984,0.141,0.714,0.479,1.012,0.812,0.645,0.328,-0.025,0.788,0.498,0.028,0.742,0.292,0.247,0.344,0.318,0.214,0.421,0.340,0.675,1.791,0.709,0.683,2.002,0.141,0.960,0.274,0.667,0.469,0.512,0.382,0.255,0.858,0.423,0.617
2011-11-11 16:00:00,1.330,0.692,0.944,0.758,1.395,0.326,0.670,0.296,0.302,0.560,0.486,0.300,0.264,-0.110,0.877,0.346,0.119,0.878,0.073,2.744,0.070,1.726,0.278,1.077,0.423,0.990,0.739,0.471,0.875,1.253,0.605,0.615,1.730,0.980,0.000,1.128,0.802,0.737,0.339,1.101,1.534,0.713,0.465,0.884,0.923,0.519,0.824,0.765,0.594,0.504,0.448,0.884,0.472,0.186,0.258,0.408,0.599,0.956,0.089,0.323,0.246,0.507,0.615,0.486,1.110,0.215,0.854,0.612,1.230,0.811,0.735,0.379,-0.013,0.917,0.525,0.036,0.772,0.347,0.270,0.507,0.335,0.270,0.630,0.421,0.805,1.473,0.749,0.845,2.010,0.130,1.077,0.236,0.648,0.423,0.670,0.474,0.222,0.884,0.593,0.816
2011-11-11 17:00:00,1.417,0.489,0.852,0.753,1.438,0.295,0.748,0.280,0.229,0.611,0.290,0.364,0.331,-0.038,0.849,0.250,0.153,0.831,0.116,2.760,0.068,1.902,0.449,1.118,0.624,0.932,0.807,0.442,1.054,1.221,0.539,0.605,1.887,1.022,0.000,1.100,0.840,0.829,0.473,1.205,1.687,0.637,0.398,1.133,0.817,0.608,0.919,0.895,0.766,0.788,0.528,1.004,0.581,0.183,0.259,0.419,0.682,1.225,0.188,0.435,0.270,0.863,0.658,0.619,1.639,0.196,0.979,0.466,1.236,0.896,0.783,0.367,0.777,1.016,0.761,0.077,0.844,0.387,0.264,0.731,0.287,0.310,0.714,0.459,0.902,1.671,0.866,1.022,1.867,0.130,1.160,0.231,0.777,0.449,0.655,0.596,0.249,0.874,0.796,1.392
2011-11-11 18:00:00,1.112,0.351,1.039,0.674,1.451,0.308,0.821,0.303,0.209,0.673,0.245,0.310,0.377,0.017,0.822,0.207,0.201,0.607,0.146,2.782,0.085,1.351,0.718,1.106,1.223,1.172,0.840,0.174,1.219,1.035,0.590,0.654,1.881,1.026,0.000,1.051,0.837,0.878,0.522,1.158,1.747,0.558,0.293,1.398,1.089,0.676,1.003,0.950,0.852,0.951,0.665,1.082,0.607,0.343,0.253,0.463,0.707,1.333,0.255,0.545,0.314,1.209,0.691,0.581,1.815,0.227,0.927,0.407,1.253,1.032,0.501,0.336,0.792,0.956,0.843,0.014,0.826,0.440,0.270,0.792,0.204,0.395,0.706,0.516,0.893,1.722,0.933,1.087,1.961,0.144,1.229,0.205,0.838,0.500,0.630,0.664,0.234,0.846,1.038,1.219
2011-11-11 19:00:00,1.140,0.490,1.260,0.674,1.402,0.297,0.932,0.373,0.276,0.666,0.212,0.290,0.280,0.057,0.705,0.073,0.190,0.374,0.162,2.499,0.096,0.969,0.940,1.086,1.774,1.621,0.922,0.191,1.512,0.973,0.655,0.634,1.874,0.945,0.000,0.963,0.729,0.961,0.554,1.092,1.746,0.496,0.247,1.407,1.082,0.808,0.969,1.209,0.902,0.993,0.785,1.304,0.709,0.490,0.276,0.462,0.721,1.224,0.395,0.611,0.321,1.393,0.654,0.647,1.738,0.277,0.853,0.432,1.404,0.953,0.431,0.347,0.883,0.952,0.857,0.021,0.830,0.449,0.312,0.836,0.237,0.451,0.691,0.483,0.892,1.305,1.006,1.002,1.981,0.191,1.419,0.139,0.812,0.529,0.608,0.751,0.256,0.716,1.161,0.625
2011-11-11 20:00:00,0.895,0.366,1.430,0.763,1.378,0.200,0.953,0.404,0.503,0.551,0.117,0.377,0.148,0.039,0.596,0.034,0.201,0.082,0.168,2.153,0.092,1.108,0.975,0.873,2.166,1.415,0.694,0.351,1.557,0.847,0.594,0.587,1.576,0.871,0.000,0.922,0.645,0.896,0.572,0.842,1.593,0.424,0.209,1.073,0.985,0.863,0.832,1.027,0.966,0.985,0.698,1.289,0.748,0.551,0.313,0.446,0.665,1.019,0.510,0.494,0.382,1.174,0.692,0.705,1.000,0.312,0.681,0.325,1.283,0.897,0.338,0.361,0.869,0.972,0.875,0.125,0.746,0.378,0.312,0.718,0.272,0.458,0.591,0.522,0.769,1.237,1.040,0.996,1.912,0.249,1.485,0.131,0.875,0.504,0.551,0.742,0.220,0.683,1.146,0.365
2011-11-11 21:00:00,0.523,0.178,1.757,0.691,1.158,0.151,0.952,0.318,0.651,0.451,0.216,0.398,0.170,0.003,0.529,0.056,0.193,-0.084,0.171,1.718,0.091,1.109,0.806,0.525,1.690,1.146,0.402,0.367,1.089,0.726,0.383,0.553,1.465,0.668,0.000,0.724,0.488,0.756,0.591,0.717,1.384,0.479,0.076,0.883,1.183,0.831,0.702,0.951,1.009,1.032,0.504,1.265,0.705,0.493,0.310,0.366,0.507,0.921,0.624,0.463,0.385,0.950,0.503,0.683,0.446,0.347,0.385,0.429,1.063,0.589,0.173,0.383,0.852,0.875,0.947,0.115,0.632,0.294,0.303,0.505,0.302,0.447,0.433,0.467,0.614,0.955,1.063,0.965,2.003,0.282,1.443,0.135,0.805,0.484,0.481,0.628,0.167,0.638,1.021,0.071
2011-11-11 22:00:00,0.374,0.081,1.672,0.595,0.943,0.027,0.618,0.134,0.322,0.401,0.083,0.303,0.184,-0.070,0.313,0.017,0.184,-0.118,0.171,1.415,0.076,0.330,0.407,0.050,1.138,1.030,0.363,0.086,0.856,0.577,0.304,0.397,1.194,0.434,0.000,0.601,0.417,0.571,0.534,0.503,1.069,0.445,-0.082,0.702,1.046,0.661,0.487,0.977,0.823,0.925,0.612,1.188,0.614,0.497,0.230,0.249,0.315,0.581,0.459,0.259,0.340,0.656,0.333,0.579,0.228,0.108,0.132,0.319,0.829,0.252,0.070,0.305,0.916,0.757,0.799,0.159,0.467,0.230,0.253,0.345,0.286,0.425,0.289,0.390,0.477,0.633,0.972,0.820,1.801,0.274,1.087,0.121,0.634,0.410,0.315,0.583,0.067,0.475,0.718,-0.091
2011-11-11 23:00:00,0.364,0.197,1.529,0.479,0.898,-0.025,0.582,0.078,0.054,0.388,-0.172,0.262,0.110,-0.097,0.250,-0.016,0.196,-0.167,0.154,1.470,0.068,0.172,0.181,0.028,0.334,1.047,0.387,-0.177,0.862,0.625,0.311,0.412,0.949,0.310,0.000,0.481,0.360,0.465,0.463,0.554,0.825,0.482,-0.074,0.538,1.006,0.499,0.415,0.823,0.591,0.706,0.537,1.097,0.493,0.448,0.206,0.139,0.196,0.664,0.315,0.330,0.255,0.735,0.275,0.493,0.315,-0.110,0.006,0.409,0.726,0.119,-0.086,0.205,0.899,0.688,0.860,0.284,0.391,0.208,0.254,0.269,0.275,0.406,0.255,0.329,0.424,0.465,0.908,0.740,1.758,0.253,0.962,0.132,0.560,0.312,0.306,0.553,0.089,0.419,0.526,-0.115
2011-11-12 00:00:00,0.325,0.067,0.987,0.372,0.676,0.079,0.501,0.014,0.050,0.204,-0.268,0.260,-0.031,-0.149,0.181,-0.068,0.197,-0.198,0.157,1.388,0.059,-0.001,-0.159,0.107,0.070,0.553,0.357,-0.333,0.658,0.555,0.243,0.341,0.702,0.246,0.000,0.391,0.338,0.388,0.342,0.590,0.595,0.474,-0.073,0.374,1.033,0.444,0.347,0.700,0.458,0.368,0.409,0.955,0.348,0.256,0.220,0.124,0.138,0.726,0.134,0.204,0.209,0.745,0.265,0.307,0.338,-0.212,0.058,0.299,0.560,-0.090,-0.140,0.094,0.899,0.640,0.568,0.247,0.368,0.200,0.251,0.264,0.278,0.351,0.261,0.261,0.400,0.445,0.840,0.593,1.688,0.215,0.898,0.120,0.571,0.279,0.289,0.507,0.072,0.354,0.501,-0.083
2011-11-12 01:00:00,0.105,-0.126,0.626,0.326,0.720,-0.048,0.575,0.042,0.144,0.074,-0.332,0.297,-0.074,-0.165,0.250,-0.082,0.196,-0.239,0.163,1.410,0.064,0.112,-0.113,0.150,-0.320,0.446,0.341,-0.302,0.476,0.529,0.277,0.329,0.585,0.302,0.000,0.294,0.285,0.342,0.298,0.517,0.450,0.526,-0.106,0.286,0.884,0.439,0.308,0.549,0.400,0.286,0.271,0.911,0.304,0.084,0.258,0.117,0.127,0.762,0.081,0.166,0.180,0.674,0.234,0.390,0.220,-0.136,0.046,0.141,0.330,-0.090,-0.081,0.003,0.822,0.560,0.501,0.162,0.409,0.185,0.226,0.213,0.265,0.324,0.289,0.261,0.381,0.306,0.721,0.517,1.648,0.168,0.841,0.141,0.507,0.256,0.279,0.498,0.099,0.350,0.317,-0.108
2011-11-12 02:00:00,0.106,-0.026,0.369,0.270,0.868,-0.097,0.486,0.013,0.119,0.065,-0.188,0.175,-0.127,-0.205,0.184,-0.132,0.191,-0.260,0.168,1.391,0.063,0.193,-0.102,0.123,-0.382,0.410,0.403,-0.320,0.088,0.609,0.285,0.279,0.534,0.267,0.000,0.011,0.233,0.306,0.324,0.404,0.348,0.485,-0.269,0.196,0.950,0.353,0.316,0.413,0.369,0.189,0.200,0.817,0.275,0.057,0.264,0.096,0.052,0.632,0.006,0.037,0.175,0.301,0.270,0.343,0.068,-0.194,0.075,0.117,0.198,-0.049,-0.144,-0.033,0.924,0.569,0.585,0.100,0.527,0.172,0.228,0.163,0.293,0.305,0.279,0.252,0.322,0.179,0.633,0.510,1.313,0.136,0.709,0.171,0.453,0.306,0.211,0.402,0.080,0.331,0.164,0.003
2011-11-12 03:00:00,0.258,0.136,0.462,0.309,0.667,-0.152,0.556,-0.002,-0.009,0.149,-0.162,0.203,-0.023,-0.219,0.207,-0.080,0.179,-0.309,0.145,1.404,0.043,0.364,-0.076,0.181,-0.309,0.201,0.442,-0.160,0.050,0.647,0.281,0.302,0.566,0.265,0.000,-0.086,0.173,0.233,0.311,0.360,0.316,0.463,-0.369,0.170,0.926,0.252,0.429,0.443,0.336,0.210,0.271,0.733,0.279,0.186,0.353,0.101,0.095,0.582,-0.009,0.091,0.154,0.130,0.252,0.215,-0.130,-0.144,0.085,0.065,0.251,-0.009,-0.320,-0.074,0.898,0.503,0.537,0.126,0.478,0.173,0.218,0.171,0.242,0.288,0.286,0.224,0.300,0.175,0.528,0.506,1.065,0.138,0.601,0.148,0.437,0.350,0.219,0.343,0.103,0.318,0.144,0.599
2011-11-12 04:00:00,0.171,0.074,0.410,0.393,0.431,-0.043,0.531,-0.067,-0.066,0.113,-0.121,0.136,-0.011,-0.242,0.074,-0.048,0.171,-0.234,0.133,1.617,0.043,0.349,-0.115,0.323,-0.414,-0.112,0.491,-0.298,0.029,0.722,0.201,0.359,0.494,0.289,0.000,-0.170,0.128,0.166,0.333,0.456,0.309,0.348,-0.353,0.240,0.908,0.104,0.519,0.489,0.266,0.168,0.370,0.510,0.211,0.160,0.407,0.103,0.189,0.766,-0.089,0.129,0.114,0.169,0.287,0.137,0.084,-0.163,0.143,-0.119,0.132,-0.042,-0.196,-0.114,0.872,0.447,0.470,0.279,0.526,0.168,0.172,0.131,0.185,0.253,0.354,0.208,0.319,0.280,0.433,0.507,0.967,0.104,0.544,0.151,0.507,0.330,0.215,0.287,0.150,0.347,0.140,0.729
2011-11-12 05:00:00,0.113,-0.061,0.283,0.408,0.538,-0.156,0.471,-0.115,-0.298,-0.088,-0.105,0.147,-0.001,-0.248,0.031,-0.034,0.190,-0.313,0.129,1.743,0.037,-0.020,-0.041,0.377,-0.445,0.174,0.668,-0.378,-0.104,0.739,0.217,0.329,0.438,0.385,0.000,0.012,0.112,0.080,0.379,0.497,0.254,0.325,-0.321,0.310,0.970,-0.103,0.639,0.549,0.279,0.216,0.393,0.475,0.261,0.103,0.410,0.183,0.359,0.964,-0.078,0.242,0.136,0.587,0.488,0.145,0.300,-0.280,0.350,-0.188,0.094,-0.085,-0.231,-0.147,0.811,0.375,0.125,0.234,0.518,0.164,0.182,0.106,0.141,0.233,0.412,0.260,0.332,0.524,0.362,0.531,0.941,0.046,0.675,0.220,0.555,0.418,0.231,0.221,0.251,0.356,0.149,0.168
2011-11-12 06:00:00,0.278,-0.165,0.478,0.500,0.593,-0.052,0.367,-0.144,-0.360,-0.141,-0.101,0.090,-0.018,-0.324,0.041,-0.192,0.190,-0.218,0.102,1.926,0.040,0.109,-0.053,0.431,-0.469,0.325,0.705,-0.181,0.003,0.660,0.432,0.318,0.337,0.418,0.000,0.018,0.082,0.076,0.391,0.521,0.238,0.275,-0.301,0.450,0.963,-0.146,0.792,0.658,0.296,0.304,0.432,0.503,0.353,0.203,0.317,0.304,0.563,1.087,0.028,0.328,0.152,0.795,0.676,0.264,0.348,-0.331,0.596,-0.175,0.137,-0.001,-0.121,-0.154,0.805,0.396,0.048,0.101,0.593,0.172,0.112,0.021,0.121,0.178,0.366,0.187,0.362,0.482,0.304,0.474,0.790,-0.065,0.659,0.226,0.488,0.460,0.304,0.151,0.313,0.416,0.086,-0.036
2011-11-12 07:00:00,0.313,-0.082,0.652,0.595,0.614,-0.184,0.459,-0.117,-0.107,-0.053,0.111,0.102,0.078,-0.336,0.099,-0.122,0.166,-0.154,0.058,1.962,0.052,0.131,0.104,0.499,-0.051,0.630,0.829,-0.161,0.234,0.690,0.505,0.514,0.394,0.444,0.000,0.020,0.108,0.159,0.404,0.617,0.338,0.322,-0.355,0.651,1.019,-0.106,0.773,0.747,0.273,0.461,0.570,0.543,0.486,0.390,0.215,0.343,0.658,1.094,0.124,0.291,0.224,0.870,0.512,0.312,0.297,-0.185,0.636,-0.307,0.336,0.003,-0.022,-0.144,0.041,0.429,-0.084,0.148,0.617,0.204,0.143,0.030,0.106,0.117,0.320,0.319,0.386,0.887,0.265,0.416,0.842,-0.087,0.913,0.184,0.513,0.476,0.331,0.121,0.319,0.459,0.058,0.039
2011-11-12 08:00:00,0.414,0.047,0.855,0.594,0.571,0.049,0.353,-0.072,0.048,-0.113,0.313,0.158,0.124,-0.343,0.059,-0.115,0.133,-0.063,0.037,1.894,0.052,0.281,-0.080,0.340,-0.071,0.607,1.051,-0.181,0.158,0.647,0.533,0.522,0.531,0.515,0.000,0.132,0.086,0.291,0.384,0.703,0.506,0.403,-0.286,1.014,0.939,-0.038,0.765,0.729,0.290,0.602,0.705,0.595,0.555,0.582,0.142,0.300,0.660,0.959,0.119,0.313,0.251,0.831,0.306,0.348,0.119,-0.006,0.587,-0.128,0.423,0.088,0.155,-0.070,0.000,0.435,0.066,0.351,0.594,0.229,0.172,0.094,0.165,0.104,0.318,0.452,0.406,1.088,0.342,0.424,0.950,0.005,0.831,0.159,0.589,0.456,0.414,0.152,0.236,0.522,0.167,0.015
2011-11-12 09:00:00,0.357,-0.036,0.922,0.518,0.543,0.011,0.454,-0.008,-0.009,-0.110,0.420,0.238,0.170,-0.310,0.066,0.016,0.119,0.174,0.052,2.043,0.063,0.315,-0.102,0.199,-0.066,0.594,1.147,-0.096,0.331,0.697,0.666,0.469,0.711,0.698,0.000,0.286,0.150,0.408,0.388,0.692,0.485,0.541,-0.134,1.381,0.865,0.040,0.639,0.602,0.313,0.460,0.537,0.608,0.470,0.685,0.090,0.276,0.534,0.526,0.015,0.298,0.253,0.553,0.251,0.354,0.133,0.104,0.501,0.073,0.321,0.088,0.080,0.086,0.013,0.415,0.142,0.340,0.704,0.229,0.186,0.144,0.223,0.126,0.283,0.567,0.364,1.316,0.351,0.417,1.038,0.086,0.926,0.162,0.543,0.449,0.368,0.149,0.254,0.575,0.279,-0.057
2011-11-12 10:00:00,0.441,0.073,1.163,0.524,0.527,0.072,0.415,0.027,-0.194,-0.038,0.359,0.125,0.203,-0.326,0.136,0.159,0.122,0.392,0.053,2.237,0.071,0.312,-0.046,0.102,-0.133,0.561,1.546,-0.038,0.306,0.674,0.708,0.476,1.018,0.718,0.000,0.482,0.200,0.492,0.346,0.621,0.416,0.654,-0.009,1.696,0.923,0.044,0.556,0.508,0.308,0.364,0.410,0.474,0.411,0.567,0.077,0.240,0.366,0.248,-0.044,0.145,0.215,0.324,0.266,0.367,0.323,-0.020,0.574,0.437,0.282,0.102,0.046,0.218,-0.003,0.447,0.124,0.113,0.682,0.205,0.228,0.104,0.260,0.127,0.288,0.637,0.339,1.713,0.396,0.384,1.182,0.141,0.909,0.189,0.567,0.445,0.328,0.088,0.229,0.634,0.352,-0.104
2011-11-12 11:00:00,0.602,0.327,1.275,0.465,0.517,0.265,0.435,0.064,-0.191,0.009,0.404,0.176,0.235,-0.306,0.242,0.315,0.130,0.667,0.045,2.308,0.070,0.431,0.010,0.205,-0.028,0.749,0.942,0.199,0.735,0.768,0.759,0.481,1.240,0.749,0.000,0.755,0.291,0.603,0.325,0.532,0.352,0.745,0.264,1.863,0.852,0.172,0.573,0.532,0.232,0.262,0.392,0.410,0.355,0.257,0.077,0.222,0.321,0.301,-0.077,0.137,0.167,0.285,0.226,0.280,0.475,-0.040,0.564,0.558,0.498,0.258,0.210,0.351,-0.001,0.604,0.378,0.021,0.670,0.208,0.208,0.079,0.299,0.181,0.271,0.559,0.399,1.790,0.446,0.399,1.429,0.175,0.887,0.204,0.708,0.431,0.330,0.216,0.220,0.693,0.369,0.012
2011-11-12 12:00:00,0.799,0.350,0.952,0.448,0.720,0.718,0.565,0.134,-0.086,0.040,0.515,0.232,0.317,-0.288,0.508,0.395,0.122,0.801,0.043,2.447,0.066,0.714,0.053,0.393,0.041,0.963,1.257,0.376,0.899,0.921,0.658,0.393,1.389,0.780,0.000,1.209,0.460,0.655,0.326,0.599,0.463,0.878,0.589,1.566,0.772,0.305,0.642,0.652,0.176,0.244,0.281,0.456,0.330,0.074,0.085,0.225,0.342,0.632,-0.144,0.145,0.158,0.151,0.217,0.270,0.566,-0.044,0.617,0.557,0.689,0.342,0.315,0.414,-0.014,0.783,0.469,0.007,0.796,0.222,0.287,0.066,0.356,0.187,0.316,0.626,0.474,2.016,0.556,0.459,1.560,0.201,0.993,0.244,0.595,0.494,0.406,0.326,0.177,0.742,0.547,0.183
2011-11-12 13:00:00,0.890,0.386,0.902,0.483,0.836,0.467,0.813,0.214,0.066,0.062,0.722,0.404,0.468,-0.230,0.704,0.409,0.119,0.850,0.040,2.555,0.046,1.421,0.096,0.553,0.137,1.031,1.105,0.681,1.051,0.946,0.600,0.360,1.268,0.840,0.000,1.386,0.529,0.706,0.309,0.728,0.748,0.902,0.812,1.166,0.827,0.486,0.730,0.727,0.125,0.197,0.238,0.546,0.329,0.045,0.114,0.232,0.357,0.797,-0.106,0.221,0.135,0.168,0.248,0.392,0.625,0.077,0.683,0.711,0.811,0.528,0.320,0.374,-0.025,0.905,0.647,0.046,0.781,0.218,0.269,0.100,0.416,0.207,0.385,0.501,0.522,2.245,0.747,0.507,1.757,0.230,0.987,0.271,0.497,0.600,0.498,0.296,0.177,0.845,0.510,0.358
2011-11-12 14:00:00,0.753,0.314,1.022,0.513,0.861,0.936,0.849,0.242,0.277,0.229,0.627,0.371,0.375,-0.221,0.650,0.418,0.111,1.002,0.049,2.591,0.055,1.226,0.094,0.619,0.078,0.955,1.419,0.747,0.962,0.971,0.639,0.353,1.133,0.858,0.000,1.438,0.604,0.695,0.362,0.847,0.984,0.933,0.766,0.865,0.817,0.628,0.829,0.667,0.186,0.226,0.232,0.626,0.308,0.203,0.142,0.305,0.379,0.617,-0.007,0.259,0.163,0.214,0.274,0.506,0.838,0.115,0.614,0.513,0.892,0.613,0.398,0.431,-0.018,0.949,0.701,0.056,1.010,0.251,0.281,0.102,0.432,0.207,0.451,0.419,0.596,2.197,0.847,0.592,1.767,0.236,1.038,0.286,0.642,0.727,0.540,0.381,0.165,0.883,0.473,0.722
2011-11-12 15:00:00,0.851,0.578,1.060,0.807,1.029,0.804,0.946,0.281,0.205,0.435,0.599,0.423,0.385,-0.181,0.706,0.506,0.122,0.960,0.050,2.931,0.047,1.316,0.178,0.817,0.023,1.270,1.241,0.574,1.098,1.007,0.643,0.405,1.153,0.964,0.000,1.367,0.710,0.786,0.399,1.067,1.199,0.915,0.612,0.727,0.850,0.607,0.912,0.742,0.315,0.335,0.131,0.717,0.335,0.123,0.217,0.391,0.375,0.656,0.078,0.318,0.187,0.208,0.422,0.461,1.079,0.265,0.696,0.547,1.191,0.764,0.448,0.469,-0.046,1.009,0.902,0.049,0.881,0.318,0.305,0.262,0.432,0.217,0.512,0.420,0.717,2.138,0.952,0.730,1.731,0.245,1.094,0.260,0.744,0.727,0.587,0.538,0.159,0.832,0.646,0.827
2011-11-12 16:00:00,1.168,0.714,0.935,1.044,1.134,0.807,1.166,0.282,0.154,0.601,0.461,0.329,0.251,-0.122,0.705,0.314,0.135,1.064,0.063,2.876,0.053,1.588,0.151,1.052,-0.078,1.038,0.863,0.603,1.138,1.132,0.659,0.396,1.248,1.034,0.000,1.276,0.721,0.823,0.457,1.191,1.292,0.879,0.529,0.819,0.833,0.604,1.102,0.829,0.530,0.477,0.278,0.828,0.447,0.128,0.259,0.483,0.514,1.090,0.148,0.305,0.213,0.309,0.592,0.579,1.334,0.223,0.869,0.483,1.395,0.915,0.535,0.461,-0.031,1.077,1.057,0.076,1.089,0.376,0.264,0.466,0.331,0.243,0.687,0.454,0.760,2.182,1.035,0.888,1.755,0.218,1.218,0.240,0.732,0.616,0.620,0.584,0.159,0.684,0.841,1.131
2011-11-12 17:00:00,1.101,0.384,0.828,1.018,1.192,0.783,1.245,0.288,0.108,0.650,0.196,0.231,0.292,-0.037,0.819,0.233,0.175,0.938,0.109,2.848,0.057,1.468,0.398,1.126,0.404,1.173,0.787,0.371,1.254,1.170,0.605,0.385,1.379,1.127,0.000,1.222,0.736,0.804,0.468,1.192,1.343,0.610,0.477,1.200,0.964,0.767,1.144,0.948,0.797,0.824,0.450,0.909,0.563,0.166,0.315,0.514,0.648,1.253,0.306,0.434,0.258,0.623,0.687,0.490,1.766,0.295,0.897,0.293,1.359,0.782,0.432,0.361,0.766,1.014,1.048,0.078,0.883,0.391,0.309,0.652,0.227,0.269,0.824,0.476,0.815,1.825,1.101,0.992,1.755,0.189,1.359,0.233,0.765,0.510,0.611,0.632,0.193,0.584,1.023,1.723
2011-11-12 18:00:00,1.050,0.283,0.703,0.727,1.113,0.556,1.144,0.256,0.005,0.567,0.200,0.234,0.320,-0.031,0.561,0.071,0.188,0.599,0.140,2.634,0.077,1.067,0.504,1.011,0.665,1.259,0.710,0.324,1.097,1.049,0.637,0.389,1.496,1.219,0.000,1.127,0.716,0.770,0.548,1.032,1.454,0.445,0.424,1.575,1.009,0.851,1.207,0.976,0.997,1.026,0.521,0.964,0.683,0.347,0.311,0.555,0.716,1.384,0.425,0.631,0.279,0.930,0.691,0.401,1.793,0.248,0.755,0.299,1.188,0.868,0.424,0.273,0.786,0.995,1.035,0.032,1.006,0.409,0.297,0.760,0.235,0.309,0.737,0.437,0.758,1.587,1.146,1.043,1.689,0.154,1.375,0.215,0.875,0.483,0.625,0.655,0.190,0.507,1.123,1.392
2011-11-12 19:00:00,1.037,0.245,0.805,0.740,1.286,0.575,1.254,0.377,0.039,0.599,0.096,0.298,0.358,0.039,0.435,0.011,0.202,0.290,0.163,2.496,0.087,0.919,0.911,0.988,1.524,1.494,0.879,0.538,1.410,0.876,0.646,0.407,1.449,1.161,0.000,1.068,0.676,0.735,0.543,1.026,1.632,0.308,0.234,1.540,1.001,0.973,1.110,1.127,1.119,1.079,0.589,1.140,0.757,0.595,0.340,0.552,0.699,1.315,0.500,0.692,0.330,1.075,0.721,0.585,1.833,0.421,0.640,0.282,1.123,0.983,0.502,0.293,0.878,0.966,1.065,0.015,0.855,0.446,0.295,0.783,0.263,0.374,0.585,0.443,0.770,1.565,1.235,1.026,1.654,0.143,1.462,0.179,0.950,0.470,0.663,0.770,0.205,0.488,1.135,0.716
2011-11-12 20:00:00,0.855,0.195,0.867,0.791,1.175,0.178,1.247,0.390,0.353,0.517,0.123,0.333,0.236,0.050,0.219,-0.014,0.204,0.006,0.176,2.126,0.095,1.034,1.002,0.758,1.739,1.209,0.756,0.710,1.207,0.711,0.505,0.425,1.468,0.990,0.000,0.987,0.600,0.770,0.594,1.065,1.772,0.278,0.093,1.284,1.124,1.057,0.876,1.007,1.157,1.104,0.651,1.251,0.723,0.634,0.338,0.492,0.680,1.241,0.566,0.614,0.399,1.106,0.709,0.685,1.023,0.418,0.407,0.313,0.974,0.843,0.391,0.342,0.903,1.044,1.091,0.111,0.785,0.435,0.337,0.725,0.273,0.423,0.487,0.316,0.764,1.113,1.235,1.032,1.606,0.203,1.159,0.129,0.860,0.446,0.706,0.903,0.220,0.605,1.265,0.300
2011-11-12 21:00:00,0.504,0.022,0.839,0.590,1.065,0.261,1.078,0.347,0.567,0.481,0.168,0.281,0.226,0.022,0.128,0.070,0.200,-0.170,0.186,1.808,0.094,1.012,0.970,0.417,1.811,1.140,0.429,1.158,1.083,0.661,0.355,0.405,1.405,0.785,0.000,0.799,0.503,0.775,0.662,0.839,1.568,0.338,-0.084,1.137,1.035,0.965,0.720,0.941,1.124,1.194,0.671,1.285,0.605,0.656,0.330,0.419,0.515,0.945,0.603,0.547,0.429,0.939,0.535,0.752,0.521,0.413,0.204,0.331,0.807,0.753,0.152,0.371,0.889,0.985,1.035,0.126,0.556,0.358,0.328,0.595,0.264,0.422,0.371,0.414,0.675,1.086,1.102,1.040,1.690,0.246,1.128,0.108,0.755,0.407,0.611,0.853,0.134,0.493,1.189,0.034
2011-11-12 22:00:00,0.370,0.044,0.837,0.403,0.902,0.037,0.869,0.215,0.411,0.451,0.099,0.232,0.157,-0.006,-0.075,0.013,0.198,-0.190,0.178,1.488,0.082,0.863,0.652,0.067,1.191,1.049,0.361,0.855,0.881,0.587,0.330,0.326,1.347,0.630,0.000,0.491,0.415,0.754,0.634,0.715,1.137,0.358,-0.230,0.996,1.085,0.845,0.467,0.888,0.904,1.106,0.633,1.154,0.406,0.557,0.236,0.261,0.286,0.585,0.430,0.360,0.397,0.518,0.304,0.714,0.307,0.142,0.074,0.401,0.572,0.447,0.084,0.317,0.895,0.875,0.804,0.212,0.493,0.240,0.326,0.454,0.269,0.405,0.292,0.377,0.533,0.757,1.001,0.860,1.632,0.264,0.965,0.115,0.805,0.341,0.432,0.718,0.114,0.359,0.847,-0.136
2011-11-12 23:00:00,0.205,-0.043,0.600,0.272,0.727,-0.083,0.713,0.081,0.245,0.394,-0.096,0.037,0.070,-0.057,-0.033,-0.021,0.202,-0.259,0.169,1.360,0.072,0.408,0.310,-0.106,0.655,1.074,0.449,0.476,0.839,0.586,0.321,0.281,1.226,0.420,0.000,0.324,0.325,0.640,0.549,0.516,0.775,0.358,-0.238,0.740,1.115,0.591,0.352,0.750,0.641,0.706,0.497,1.016,0.267,0.369,0.223,0.140,0.173,0.595,0.245,0.394,0.297,0.407,0.284,0.434,0.308,-0.023,-0.024,0.315,0.422,0.074,-0.079,0.209,0.898,0.780,0.602,0.286,0.308,0.156,0.256,0.322,0.273,0.385,0.229,0.479,0.449,0.465,0.821,0.610,1.452,0.278,0.878,0.103,0.727,0.265,0.303,0.553,0.085,0.368,0.635,-0.311
2011-11-13 00:00:00,0.146,-0.162,0.445,0.175,0.501,0.022,0.531,0.020,0.188,0.230,-0.216,0.139,0.001,-0.140,-0.075,-0.074,0.200,-0.301,0.162,1.236,0.057,0.364,-0.068,-0.027,0.018,0.762,0.428,0.202,0.674,0.543,0.314,0.268,1.014,0.348,0.000,0.291,0.260,0.483,0.404,0.396,0.596,0.316,-0.152,0.487,0.979,0.450,0.282,0.603,0.470,0.355,0.310,0.931,0.224,0.203,0.229,0.086,0.167,0.695,0.089,0.273,0.241,0.392,0.258,0.311,0.224,-0.119,0.002,0.253,0.271,-0.115,-0.171,0.077,0.897,0.696,0.569,0.212,0.189,0.142,0.212,0.200,0.233,0.333,0.242,0.382,0.371,0.146,0.703,0.522,1.206,0.280,0.755,0.134,0.494,0.174,0.252,0.470,0.117,0.357,0.392,-0.356
2011-11-13 01:00:00,0.049,-0.231,0.362,0.152,0.544,-0.077,0.541,0.006,0.255,0.091,-0.269,0.187,-0.072,-0.172,-0.001,-0.104,0.192,-0.324,0.162,1.139,0.054,0.450,-0.212,-0.044,-0.366,0.578,0.377,0.055,0.459,0.574,0.289,0.257,0.876,0.316,0.000,0.259,0.190,0.352,0.262,0.369,0.493,0.366,-0.075,0.340,0.986,0.374,0.210,0.504,0.423,0.252,0.304,0.854,0.244,0.114,0.234,0.064,0.146,0.677,0.074,0.191,0.205,0.372,0.258,0.329,0.179,-0.204,0.046,0.088,0.124,-0.181,-0.181,-0.015,0.881,0.616,0.335,0.163,0.210,0.139,0.216,0.100,0.264,0.255,0.238,0.653,0.280,0.094,0.600,0.411,1.062,0.230,0.724,0.125,0.372,0.232,0.233,0.453,0.096,0.403,0.239,-0.314
2011-11-13 02:00:00,0.078,-0.172,0.299,0.249,0.577,-0.180,0.423,0.016,0.117,0.070,-0.272,0.204,-0.162,-0.225,0.034,-0.131,0.191,-0.322,0.164,1.158,0.049,0.565,-0.296,-0.022,-0.541,0.355,0.478,0.067,-0.026,0.563,0.252,0.227,0.739,0.340,0.000,0.061,0.171,0.255,0.213,0.307,0.543,0.335,-0.110,0.231,1.056,0.315,0.224,0.450,0.394,0.140,0.377,0.833,0.219,0.131,0.231,0.063,0.112,0.685,0.031,0.092,0.193,0.243,0.251,0.237,-0.086,-0.230,0.084,0.097,0.099,-0.166,-0.266,-0.069,0.896,0.615,0.409,0.147,0.284,0.146,0.177,0.038,0.302,0.248,0.269,0.561,0.224,-0.033,0.559,0.396,0.900,0.170,0.625,0.157,0.360,0.246,0.212,0.365,0.083,0.531,0.139,-0.141
2011-11-13 03:00:00,0.114,-0.045,0.287,0.337,0.394,-0.162,0.286,-0.052,0.035,0.140,-0.202,0.153,-0.129,-0.257,0.064,-0.090,0.187,-0.314,0.149,1.250,0.039,0.737,-0.287,0.029,-0.568,0.030,0.436,-0.073,-0.053,0.621,0.227,0.238,0.629,0.333,0.000,-0.237,0.128,0.192,0.251,0.397,0.492,0.344,-0.314,0.046,0.936,0.167,0.389,0.489,0.392,0.152,0.196,0.755,0.188,0.118,0.271,0.064,0.115,0.582,0.011,0.147,0.161,0.156,0.234,0.201,-0.058,-0.190,0.078,-0.011,0.074,-0.129,-0.400,-0.095,0.906,0.594,0.429,0.193,0.393,0.153,0.185,0.028,0.246,0.246,0.301,0.625,0.239,-0.027,0.579,0.483,0.794,0.086,0.703,0.162,0.225,0.293,0.216,0.255,0.084,0.492,0.069,0.555
2011-11-13 04:00:00,0.225,0.042,0.276,0.482,0.327,-0.109,0.251,-0.077,-0.161,0.134,-0.149,0.073,-0.051,-0.262,0.050,-0.043,0.187,-0.358,0.138,1.427,0.040,0.702,-0.216,0.220,-0.632,-0.068,0.659,-0.380,-0.320,0.739,0.221,0.254,0.582,0.394,0.000,-0.207,0.079,0.158,0.249,0.431,0.343,0.263,-0.450,-0.026,0.931,-0.035,0.480,0.559,0.353,0.112,0.222,0.650,0.154,0.142,0.317,0.103,0.285,0.681,-0.078,0.198,0.114,0.186,0.280,0.149,0.040,-0.233,0.126,-0.135,0.035,-0.144,-0.294,-0.141,0.883,0.495,0.429,0.186,0.594,0.165,0.141,0.041,0.155,0.246,0.467,0.517,0.272,0.152,0.648,0.515,0.802,0.030,0.987,0.154,0.182,0.284,0.208,0.181,0.169,0.394,0.069,0.844
2011-11-13 05:00:00,0.238,-0.082,0.292,0.462,0.309,-0.137,0.172,-0.118,-0.387,-0.055,-0.204,-0.011,-0.068,-0.264,0.024,-0.147,0.201,-0.390,0.131,1.566,0.041,0.407,-0.184,0.376,-0.577,-0.081,0.768,-0.510,-0.272,0.760,0.336,0.224,0.554,0.517,0.000,-0.094,0.089,0.121,0.292,0.490,0.258,0.221,-0.390,0.113,0.865,-0.153,0.601,0.533,0.335,0.233,0.346,0.567,0.265,0.131,0.347,0.170,0.352,1.038,-0.070,0.278,0.131,0.519,0.463,0.109,0.233,-0.247,0.324,-0.230,-0.006,-0.117,-0.257,-0.190,0.823,0.420,0.458,0.130,0.788,0.176,0.128,0.054,0.085,0.223,0.474,0.672,0.283,0.306,0.785,0.513,0.954,-0.041,0.889,0.207,0.322,0.396,0.248,0.113,0.186,0.447,0.194,0.463
2011-11-13 06:00:00,0.236,-0.231,0.417,0.705,0.444,-0.137,0.171,-0.131,-0.516,-0.123,-0.171,-0.110,0.024,-0.318,0.034,-0.182,0.199,-0.465,0.111,1.834,0.044,0.376,0.024,0.535,-0.493,0.171,0.765,-0.511,-0.138,0.718,0.574,0.236,0.467,0.734,0.000,0.014,0.107,0.088,0.343,0.423,0.293,0.134,-0.325,0.312,1.015,-0.066,0.731,0.652,0.302,0.306,0.453,0.537,0.564,0.246,0.323,0.316,0.457,1.167,0.057,0.493,0.160,0.782,0.691,0.181,0.328,-0.277,0.485,-0.332,0.036,0.017,-0.219,-0.217,0.814,0.377,0.351,0.102,0.861,0.219,0.129,0.107,0.049,0.184,0.362,0.555,0.363,0.593,0.863,0.558,0.948,-0.069,0.937,0.318,0.310,0.538,0.277,0.065,0.299,0.510,0.217,0.134
2011-11-13 07:00:00,0.329,-0.081,0.811,0.995,0.486,-0.139,0.251,-0.093,-0.244,-0.128,0.019,-0.105,0.078,-0.341,0.012,-0.173,0.178,-0.454,0.065,1.916,0.040,0.575,0.154,0.601,-0.066,0.301,1.173,-0.522,0.171,0.636,0.643,0.295,0.337,0.849,0.000,0.100,0.060,0.091,0.295,0.177,0.445,0.155,-0.359,0.530,0.885,-0.040,0.863,0.772,0.254,0.524,0.561,0.564,0.775,0.447,0.269,0.360,0.576,0.949,0.180,0.571,0.221,0.893,0.523,0.266,0.319,-0.161,0.558,-0.314,0.222,0.064,-0.081,-0.207,0.040,0.420,0.374,0.148,0.697,0.262,0.120,0.151,0.089,0.174,0.346,0.407,0.374,0.653,0.949,0.478,1.025,-0.063,0.933,0.298,0.269,0.671,0.319,0.081,0.189,0.539,0.135,-0.012
2011-11-13 08:00:00,0.297,-0.048,1.094,0.885,0.437,-0.063,0.329,-0.037,-0.052,-0.147,0.245,-0.058,0.091,-0.353,0.042,-0.156,0.142,-0.311,0.046,1.833,0.041,0.456,0.055,0.414,0.036,0.365,1.069,-0.382,0.200,0.625,0.683,0.260,0.253,0.878,0.000,0.135,0.102,0.136,0.352,0.197,0.369,0.302,-0.360,0.719,0.941,-0.023,0.825,0.672,0.241,0.598,0.659,0.562,0.688,0.688,0.150,0.292,0.555,0.834,0.135,0.533,0.243,0.705,0.293,0.354,0.113,0.042,0.516,-0.274,0.212,0.102,-0.024,-0.141,0.007,0.393,0.356,0.139,0.669,0.237,0.118,0.119,0.166,0.166,0.299,0.302,0.349,0.866,0.931,0.420,0.999,-0.051,1.008,0.251,0.245,0.756,0.283,0.241,0.148,0.546,0.148,-0.202
2011-11-13 09:00:00,0.269,-0.011,1.268,0.585,0.475,-0.095,0.439,0.017,-0.089,-0.092,0.391,0.057,0.161,-0.335,0.113,-0.021,0.125,0.004,0.051,2.028,0.046,0.549,0.056,0.198,0.044,0.441,1.418,-0.342,0.533,0.675,0.571,0.199,0.353,0.922,0.000,0.315,0.176,0.232,0.334,0.384,0.356,0.498,-0.232,0.994,1.027,-0.008,0.684,0.620,0.272,0.521,0.699,0.507,0.550,0.720,0.104,0.252,0.402,0.503,-0.001,0.561,0.244,0.366,0.179,0.398,0.024,0.215,0.488,0.059,0.185,0.207,0.101,0.019,0.012,0.334,0.543,0.015,0.665,0.208,0.147,0.087,0.244,0.128,0.207,0.294,0.340,1.356,0.985,0.440,1.120,-0.001,1.052,0.261,0.241,0.797,0.291,0.278,0.098,0.634,0.251,-0.248
2011-11-13 10:00:00,0.309,0.185,1.396,0.500,0.431,-0.052,0.395,0.025,-0.198,-0.060,0.365,0.072,0.156,-0.327,0.062,0.146,0.115,0.368,0.045,2.078,0.060,0.473,-0.018,0.009,-0.126,0.404,1.003,-0.231,0.634,0.682,0.570,0.130,0.457,0.998,0.000,0.483,0.299,0.378,0.325,0.497,0.291,0.736,-0.002,1.376,0.717,0.068,0.584,0.584,0.293,0.409,0.608,0.418,0.442,0.593,0.095,0.240,0.348,0.235,-0.045,0.373,0.212,0.149,0.303,0.376,0.138,0.084,0.593,0.422,0.186,0.091,0.198,0.154,0.001,0.420,0.474,0.048,0.617,0.170,0.151,0.104,0.329,0.119,0.189,0.134,0.376,1.634,1.052,0.457,1.446,0.103,0.969,0.251,0.341,0.637,0.298,0.182,0.169,0.717,0.313,-0.203
2011-11-13 11:00:00,0.387,0.265,1.351,0.424,0.458,0.084,0.241,0.050,-0.109,-0.055,0.276,0.143,0.166,-0.341,0.169,0.297,0.120,0.669,0.043,2.175,0.074,0.399,-0.051,0.011,-0.098,0.426,0.786,-0.064,0.862,0.710,0.628,0.143,0.526,1.110,0.000,0.752,0.417,0.462,0.318,0.539,0.331,0.892,0.304,1.468,0.902,0.143,0.547,0.565,0.307,0.292,0.470,0.387,0.365,0.363,0.107,0.213,0.383,0.214,-0.064,0.402,0.175,0.058,0.186,0.280,0.297,-0.031,0.632,0.597,0.304,0.090,0.172,0.259,-0.003,0.578,0.322,0.004,0.576,0.173,0.167,0.090,0.388,0.115,0.204,0.047,0.406,1.653,1.031,0.416,1.625,0.182,0.924,0.304,0.397,0.546,0.297,0.174,0.161,0.852,0.358,-0.081
2011-11-13 12:00:00,0.544,0.429,1.028,0.288,0.637,0.311,0.337,0.098,-0.015,-0.053,0.450,0.180,0.258,-0.325,0.294,0.430,0.113,0.859,0.038,2.375,0.072,0.943,-0.054,0.225,-0.125,0.840,0.660,0.323,1.037,0.835,0.655,0.198,0.668,1.188,0.000,1.124,0.530,0.558,0.312,0.574,0.453,1.103,0.671,1.272,0.829,0.310,0.604,0.593,0.242,0.283,0.390,0.462,0.318,0.241,0.119,0.197,0.506,0.419,-0.063,0.289,0.153,0.121,0.181,0.269,0.650,-0.106,0.682,0.744,0.449,0.207,0.308,0.417,-0.010,0.810,0.346,-0.006,0.582,0.182,0.181,0.019,0.459,0.151,0.264,0.104,0.440,1.733,1.043,0.466,1.858,0.209,0.773,0.289,0.422,0.453,0.366,0.223,0.186,0.996,0.305,0.095
2011-11-13 13:00:00,0.729,0.454,0.939,0.392,0.799,0.180,0.454,0.178,0.212,0.049,0.515,0.237,0.349,-0.263,0.498,0.479,0.110,1.003,0.034,2.565,0.068,1.412,-0.021,0.380,-0.026,0.995,0.850,0.623,1.031,0.919,0.739,0.273,0.800,1.205,0.000,1.390,0.637,0.630,0.276,0.671,0.787,1.182,0.892,0.961,0.741,0.477,0.693,0.642,0.152,0.209,0.326,0.558,0.258,0.159,0.108,0.224,0.539,0.677,-0.067,0.266,0.142,0.142,0.133,0.292,0.720,-0.037,0.800,0.723,0.518,0.328,0.458,0.530,-0.022,0.950,0.458,0.057,0.629,0.210,0.238,0.033,0.549,0.162,0.308,0.215,0.457,1.805,1.067,0.545,1.886,0.254,0.778,0.309,0.466,0.489,0.449,0.279,0.197,0.990,0.308,0.475
2011-11-13 14:00:00,0.764,0.485,1.091,0.546,0.808,0.293,0.595,0.255,0.341,0.227,0.579,0.253,0.330,-0.220,0.565,0.546,0.109,1.112,0.044,2.787,0.083,1.487,0.041,0.612,-0.048,1.046,1.023,0.811,1.095,0.997,0.731,0.387,0.964,1.249,0.000,1.456,0.684,0.717,0.240,0.820,1.113,1.261,1.030,0.850,0.843,0.648,0.748,0.629,0.171,0.168,0.197,0.613,0.326,0.141,0.156,0.289,0.641,0.661,0.054,0.371,0.159,0.133,0.268,0.299,0.780,0.135,0.716,0.684,0.641,0.562,0.486,0.567,-0.015,1.067,0.679,0.077,0.770,0.253,0.252,0.134,0.610,0.193,0.406,0.324,0.545,1.915,1.102,0.650,2.094,0.305,0.798,0.303,0.481,0.459,0.518,0.457,0.285,1.036,0.350,0.936
2011-11-13 15:00:00,0.986,0.723,1.084,0.678,1.010,0.385,0.697,0.337,0.473,0.468,0.649,0.279,0.295,-0.167,0.621,0.538,0.113,1.161,0.050,3.053,0.083,1.796,0.184,0.815,0.023,1.227,1.066,0.959,1.172,1.123,0.720,0.426,1.115,1.258,0.000,1.527,0.706,0.801,0.284,1.066,1.533,1.284,1.007,0.833,0.789,0.736,0.797,0.689,0.254,0.246,0.188,0.694,0.308,0.067,0.230,0.368,0.752,0.645,0.172,0.216,0.168,0.172,0.348,0.400,1.149,0.209,0.824,0.650,0.918,0.885,0.583,0.601,-0.035,1.248,0.729,0.079,0.976,0.301,0.307,0.270,0.570,0.234,0.541,0.420,0.680,2.120,1.097,0.832,1.971,0.274,0.866,0.297,0.518,0.479,0.668,0.616,0.251,1.036,0.479,1.071
2011-11-13 16:00:00,1.241,0.864,1.069,0.817,1.219,0.335,0.893,0.366,0.517,0.687,0.460,0.304,0.291,-0.067,0.745,0.453,0.137,1.204,0.065,3.127,0.065,2.086,0.298,1.100,0.284,1.277,0.984,0.725,1.251,1.262,0.566,0.473,1.269,1.224,0.000,1.655,0.763,0.822,0.370,1.244,1.800,1.206,0.862,0.847,0.871,0.738,0.918,0.791,0.545,0.382,0.226,0.804,0.500,0.110,0.321,0.471,0.823,0.890,0.278,0.332,0.229,0.462,0.576,0.456,1.887,0.247,0.908,0.627,1.104,0.918,0.580,0.584,-0.024,1.364,0.784,0.077,1.309,0.371,0.317,0.353,0.478,0.268,0.754,0.628,0.811,1.956,1.204,1.037,1.893,0.224,0.990,0.276,0.674,0.591,0.793,0.675,0.270,0.895,0.702,1.226
2011-11-13 17:00:00,1.376,0.652,0.940,0.806,1.251,0.309,0.970,0.346,0.356,0.805,0.293,0.339,0.244,-0.003,0.755,0.304,0.173,1.116,0.113,3.226,0.066,1.812,0.488,1.186,0.575,1.147,1.163,0.504,1.273,1.363,0.481,0.498,1.448,1.114,0.000,1.514,0.781,0.845,0.478,1.259,1.924,0.989,0.667,0.969,0.920,0.732,1.079,0.941,0.842,0.712,0.304,0.919,0.729,0.215,0.338,0.504,0.850,1.335,0.447,0.425,0.248,0.768,0.628,0.480,2.114,0.290,0.893,0.465,1.115,0.959,0.459,0.527,0.756,1.375,0.763,0.033,1.199,0.423,0.302,0.424,0.370,0.313,0.799,0.624,0.901,1.779,1.313,1.149,1.919,0.209,1.143,0.281,0.810,0.619,0.838,0.750,0.261,0.734,0.837,1.783
2011-11-13 18:00:00,1.274,0.504,0.737,0.791,1.213,0.521,0.820,0.315,0.219,0.726,0.163,0.277,0.332,-0.009,0.602,0.201,0.186,0.721,0.135,2.998,0.059,1.448,0.593,1.085,0.959,1.063,0.926,0.239,1.371,1.189,0.534,0.415,1.467,0.973,0.000,1.357,0.736,0.777,0.575,1.066,1.934,0.750,0.421,1.062,1.080,0.739,1.163,1.022,1.091,0.949,0.547,0.999,0.986,0.404,0.392,0.548,0.871,1.422,0.591,0.671,0.297,1.196,0.706,0.457,1.993,0.190,0.756,0.345,0.950,1.091,0.390,0.425,0.791,1.297,0.709,0.102,1.091,0.457,0.271,0.512,0.246,0.325,0.688,0.832,0.903,1.646,1.330,1.118,1.778,0.181,1.176,0.251,0.817,0.602,0.847,0.844,0.247,0.585,0.934,1.446
2011-11-13 19:00:00,1.212,0.437,0.786,0.761,1.238,0.280,0.859,0.363,0.258,0.687,0.145,0.270,0.340,0.042,0.461,0.019,0.196,0.380,0.150,2.613,0.072,1.239,0.810,1.127,1.322,0.990,0.946,0.178,1.396,1.036,0.544,0.430,1.474,0.963,0.000,1.066,0.693,0.753,0.616,1.052,2.008,0.493,0.236,1.001,1.164,0.747,1.099,1.021,1.194,1.072,0.662,1.115,0.937,0.537,0.407,0.562,0.902,1.236,0.652,0.716,0.315,1.151,0.678,0.578,1.763,0.208,0.586,0.365,0.847,0.962,0.349,0.276,0.910,1.209,0.667,0.176,0.924,0.422,0.272,0.592,0.214,0.353,0.651,0.760,0.917,1.338,1.281,1.092,1.804,0.156,1.221,0.199,0.798,0.463,0.847,0.853,0.201,0.525,1.011,0.718
2011-11-13 20:00:00,0.922,0.234,0.800,0.654,1.084,0.291,0.708,0.350,0.364,0.569,0.095,0.246,0.206,0.015,0.303,-0.066,0.199,0.041,0.167,2.342,0.081,0.727,0.817,0.756,1.687,0.837,0.696,0.184,1.212,0.824,0.507,0.338,1.464,0.853,0.000,0.996,0.634,0.775,0.655,1.054,2.005,0.436,0.071,0.780,1.139,0.785,0.891,0.946,1.183,1.073,0.756,1.237,0.889,0.566,0.434,0.488,0.788,1.052,0.632,0.629,0.384,1.082,0.801,0.663,1.129,0.264,0.468,0.238,0.728,0.933,0.205,0.227,0.881,1.118,0.642,0.135,0.894,0.372,0.282,0.609,0.175,0.392,0.520,0.931,0.866,1.132,1.292,1.056,1.868,0.184,1.380,0.172,0.814,0.377,0.905,0.817,0.197,0.525,1.209,0.399
2011-11-13 21:00:00,0.749,0.225,1.022,0.585,1.100,0.326,0.869,0.383,0.462,0.599,0.232,0.323,0.276,0.039,0.287,-0.003,0.193,-0.131,0.172,2.152,0.095,0.855,0.946,0.628,1.564,0.798,0.544,0.118,1.240,0.827,0.451,0.364,1.387,0.724,0.000,1.008,0.608,0.810,0.638,0.915,1.740,0.381,-0.140,0.743,1.244,0.807,0.756,0.928,1.138,1.137,0.762,1.276,0.861,0.613,0.350,0.414,0.586,1.005,0.682,0.620,0.416,1.020,0.751,0.754,0.814,0.398,0.272,0.392,0.729,0.961,0.223,0.294,0.894,1.057,0.606,0.112,0.682,0.346,0.297,0.594,0.206,0.419,0.400,0.858,0.800,1.051,1.339,0.964,1.868,0.215,1.453,0.125,0.791,0.288,0.774,0.880,0.138,0.564,1.193,0.127
2011-11-13 22:00:00,0.446,0.236,0.857,0.481,0.928,0.129,0.528,0.267,0.431,0.504,0.012,0.277,0.105,-0.023,0.145,-0.044,0.191,-0.185,0.173,1.596,0.088,0.297,0.608,0.108,1.319,0.502,0.384,0.022,0.929,0.724,0.341,0.241,1.257,0.494,0.000,0.864,0.515,0.813,0.604,0.616,1.320,0.407,-0.315,0.644,1.114,0.723,0.517,0.917,0.945,1.007,0.726,1.184,0.554,0.554,0.262,0.269,0.234,0.637,0.552,0.326,0.413,0.758,0.458,0.640,0.413,0.123,0.149,0.348,0.612,0.493,0.030,0.321,0.893,0.899,0.514,0.219,0.516,0.276,0.267,0.522,0.243,0.401,0.292,0.729,0.606,0.861,1.268,0.806,1.862,0.247,1.192,0.107,0.729,0.271,0.516,0.815,0.092,0.428,1.029,-0.118
2011-11-13 23:00:00,0.263,0.166,0.668,0.332,0.669,0.129,0.407,0.179,0.244,0.434,-0.036,0.309,0.128,-0.057,0.189,0.069,0.197,-0.307,0.169,1.438,0.073,0.152,0.369,-0.059,0.647,0.514,0.150,0.054,0.750,0.683,0.275,0.262,1.146,0.326,0.000,0.436,0.484,0.743,0.474,0.423,0.904,0.349,-0.285,0.583,1.042,0.594,0.396,0.789,0.831,0.752,0.603,1.081,0.430,0.437,0.243,0.146,0.212,0.545,0.400,0.425,0.330,0.635,0.258,0.572,0.113,0.026,-0.016,0.476,0.535,0.323,-0.168,0.289,0.887,0.726,0.456,0.338,0.421,0.201,0.230,0.376,0.262,0.389,0.237,0.447,0.416,0.528,1.150,0.634,1.570,0.281,1.038,0.105,0.598,0.213,0.335,0.671,0.025,0.617,0.672,-0.264
2011-11-14 00:00:00,0.149,-0.054,0.400,0.181,0.545,0.002,0.172,0.074,0.161,0.288,-0.174,0.329,0.048,-0.113,0.090,0.013,0.195,-0.226,0.170,1.307,0.062,-0.045,0.034,-0.186,0.171,0.623,0.182,-0.000,0.564,0.612,0.286,0.258,1.063,0.259,0.000,0.222,0.458,0.559,0.363,0.352,0.520,0.320,-0.190,0.426,1.001,0.450,0.258,0.617,0.667,0.377,0.338,0.961,0.294,0.185,0.217,0.076,0.041,0.534,0.141,0.252,0.258,0.424,0.143,0.360,0.309,-0.166,0.036,0.455,0.459,-0.041,-0.126,0.186,0.910,0.631,0.432,0.227,0.371,0.145,0.195,0.238,0.282,0.365,0.181,0.352,0.335,0.285,0.923,0.496,1.459,0.298,0.846,0.167,0.488,0.193,0.211,0.525,0.048,0.634,0.366,-0.293
2011-11-14 01:00:00,0.037,-0.071,0.321,0.294,0.497,0.082,0.106,0.060,0.068,0.129,-0.294,0.264,-0.055,-0.152,0.156,0.020,0.197,-0.391,0.165,1.218,0.043,-0.186,-0.123,-0.124,-0.213,0.423,0.239,-0.026,0.383,0.516,0.331,0.265,0.872,0.170,0.000,0.197,0.401,0.407,0.262,0.262,0.307,0.373,-0.035,0.351,0.907,0.349,0.189,0.512,0.502,0.169,0.277,0.987,0.366,-0.046,0.238,0.029,0.025,0.569,0.094,0.183,0.201,0.324,0.209,0.276,0.105,-0.285,0.003,0.319,0.352,-0.207,-0.339,0.068,0.884,0.646,0.332,0.169,0.323,0.103,0.156,0.122,0.307,0.315,0.178,0.215,0.316,0.109,0.716,0.405,1.183,0.277,0.739,0.181,0.398,0.173,0.187,0.458,0.084,0.745,0.167,-0.392
2011-11-14 02:00:00,-0.003,-0.156,0.310,0.277,0.418,-0.109,-0.066,0.011,0.183,0.054,-0.218,0.238,-0.157,-0.248,0.130,-0.033,0.190,-0.360,0.162,1.263,0.048,0.028,-0.326,-0.139,-0.516,0.366,0.371,0.030,0.031,0.460,0.275,0.304,0.612,0.189,0.000,0.059,0.333,0.298,0.251,0.346,0.309,0.323,-0.102,0.205,0.910,0.234,0.229,0.440,0.423,0.042,0.288,0.907,0.296,-0.077,0.209,0.036,0.031,0.568,-0.006,-0.023,0.171,0.104,0.011,0.161,-0.064,-0.216,0.065,0.268,0.324,-0.127,-0.240,-0.031,0.900,0.670,0.319,0.141,0.278,0.140,0.169,0.031,0.317,0.258,0.314,0.351,0.287,-0.060,0.509,0.362,1.081,0.189,0.672,0.165,0.305,0.194,0.186,0.294,0.077,0.768,0.034,-0.206
2011-11-14 03:00:00,0.032,-0.074,0.321,0.361,0.482,-0.138,-0.076,-0.013,0.129,0.100,-0.143,0.152,-0.087,-0.248,0.250,0.045,0.178,-0.434,0.142,1.320,0.032,0.297,-0.233,-0.024,-0.566,0.429,0.469,0.022,-0.057,0.516,0.230,0.270,0.431,0.193,0.000,-0.050,0.272,0.249,0.317,0.441,0.269,0.341,-0.229,0.060,0.849,0.144,0.343,0.508,0.315,0.098,0.218,0.843,0.377,0.130,0.296,0.044,0.072,0.690,0.015,0.124,0.123,0.222,0.263,0.099,-0.050,-0.225,0.114,0.050,0.263,-0.138,-0.297,-0.095,0.875,0.650,0.337,0.172,0.352,0.178,0.128,0.011,0.313,0.210,0.348,0.320,0.284,0.065,0.414,0.433,0.958,0.067,0.662,0.178,0.206,0.208,0.219,0.256,0.080,0.716,-0.031,0.617
2011-11-14 04:00:00,0.227,0.100,0.418,0.472,0.423,-0.131,-0.127,-0.071,-0.034,0.114,-0.204,0.124,-0.130,-0.269,0.227,-0.068,0.181,-0.361,0.131,1.438,0.035,0.442,-0.251,0.020,-0.695,0.335,0.593,-0.226,-0.370,0.521,0.182,0.284,0.417,0.222,0.000,-0.292,0.178,0.192,0.352,0.497,0.270,0.272,-0.367,-0.029,0.995,0.061,0.431,0.571,0.324,0.046,0.190,0.731,0.404,0.227,0.357,0.101,0.267,0.746,0.028,0.130,0.102,0.317,0.313,0.096,0.019,-0.214,0.127,0.056,0.180,-0.127,-0.301,-0.160,0.887,0.625,0.382,0.167,0.456,0.210,0.154,0.026,0.254,0.170,0.476,0.549,0.314,0.316,0.334,0.518,0.705,-0.012,0.662,0.192,0.227,0.245,0.205,0.312,0.145,0.696,0.063,0.862
2011-11-14 05:00:00,0.223,-0.076,0.345,0.518,0.358,-0.156,-0.035,-0.105,-0.226,0.087,-0.184,0.053,-0.063,-0.247,0.250,-0.043,0.187,-0.369,0.127,1.726,0.040,0.145,-0.070,0.166,-0.585,0.214,0.740,-0.314,-0.106,0.645,0.226,0.284,0.461,0.301,0.000,-0.239,0.103,0.187,0.377,0.523,0.425,0.213,-0.429,-0.019,1.054,-0.010,0.542,0.578,0.313,0.172,0.132,0.606,0.514,0.138,0.377,0.202,0.360,0.831,0.152,0.316,0.127,0.567,0.435,0.156,0.328,-0.100,0.299,-0.149,0.192,-0.131,-0.292,-0.227,0.869,0.538,0.394,0.166,0.570,0.211,0.132,0.083,0.152,0.168,0.469,0.511,0.357,0.545,0.284,0.546,0.619,-0.038,0.740,0.220,0.279,0.348,0.234,0.342,0.180,0.621,0.152,0.343
2011-11-14 06:00:00,0.411,-0.083,0.563,0.573,0.450,-0.211,-0.050,-0.106,-0.318,0.023,-0.368,0.049,-0.027,-0.296,0.121,-0.187,0.191,-0.408,0.113,1.777,0.051,0.369,0.098,0.325,-0.483,0.122,0.813,-0.433,-0.026,0.666,0.444,0.313,0.511,0.365,0.000,0.106,0.097,0.212,0.434,0.492,0.525,0.166,-0.342,0.205,0.956,0.014,0.681,0.672,0.358,0.304,0.447,0.612,0.642,0.146,0.370,0.293,0.606,1.127,0.283,0.310,0.165,0.696,0.592,0.247,0.441,-0.161,0.440,-0.149,0.256,0.076,-0.100,-0.156,0.851,0.500,0.369,0.141,0.846,0.196,0.122,0.157,0.139,0.173,0.384,0.391,0.490,0.762,0.279,0.498,0.705,-0.034,0.802,0.347,0.372,0.466,0.338,0.203,0.300,0.585,0.288,0.219
2011-11-14 07:00:00,0.392,0.123,0.730,0.707,0.515,-0.104,0.027,-0.090,-0.138,-0.095,-0.058,0.010,-0.020,-0.294,0.043,-0.219,0.192,-0.434,0.082,1.925,0.054,0.427,0.273,0.313,-0.034,0.144,0.835,-0.470,0.014,0.734,0.562,0.328,0.498,0.537,0.000,0.005,0.077,0.184,0.532,0.385,0.505,0.133,-0.293,0.392,0.906,0.054,0.851,0.719,0.429,0.481,0.514,0.651,0.655,0.405,0.383,0.360,0.755,0.873,0.385,0.485,0.229,0.850,1.039,0.281,0.382,-0.005,0.474,-0.186,0.257,0.045,-0.116,-0.166,0.034,0.449,0.403,0.126,0.950,0.191,0.129,0.144,0.136,0.178,0.268,0.276,0.539,0.897,0.326,0.501,0.744,-0.052,0.916,0.450,0.490,0.424,0.387,0.137,0.217,0.441,0.222,0.097
2011-11-14 08:00:00,0.445,0.007,0.975,0.724,0.585,-0.115,0.237,-0.049,0.009,-0.106,0.179,0.049,0.104,-0.331,0.045,-0.215,0.167,-0.347,0.069,1.949,0.053,0.661,0.334,0.175,0.273,0.282,1.030,-0.301,0.122,0.786,0.640,0.292,0.369,0.659,0.000,0.111,0.089,0.313,0.514,0.343,0.583,0.220,-0.254,0.665,0.884,0.136,0.855,0.723,0.502,0.623,0.592,0.670,0.686,0.785,0.315,0.328,0.644,0.816,0.383,0.439,0.238,0.768,1.008,0.444,0.177,0.171,0.500,-0.061,0.265,0.098,-0.017,-0.158,0.009,0.418,0.367,0.150,0.889,0.176,0.129,0.112,0.190,0.162,0.231,0.218,0.467,1.138,0.427,0.588,0.861,-0.012,1.032,0.445,0.516,0.372,0.469,0.238,0.182,0.518,0.274,-0.204
2011-11-14 09:00:00,0.359,0.230,1.269,0.575,0.603,-0.095,0.380,-0.013,0.102,-0.099,0.319,0.090,0.240,-0.317,-0.031,-0.075,0.136,-0.151,0.072,2.013,0.048,0.980,0.432,0.193,0.444,0.423,1.012,-0.371,0.457,0.925,0.589,0.268,0.325,0.793,0.000,0.308,0.162,0.507,0.460,0.461,0.663,0.419,-0.071,1.100,0.938,0.190,0.744,0.655,0.380,0.557,0.640,0.585,0.557,0.767,0.189,0.279,0.452,0.496,0.178,0.490,0.240,0.436,0.416,0.435,0.118,0.268,0.367,0.165,0.285,0.144,-0.009,-0.026,0.011,0.417,0.335,0.087,0.786,0.209,0.111,0.152,0.258,0.150,0.143,0.230,0.474,1.483,0.454,0.638,0.882,0.045,1.059,0.402,0.467,0.359,0.475,0.296,0.143,0.598,0.245,-0.331
2011-11-14 10:00:00,0.415,0.546,1.452,0.431,0.507,0.015,0.403,0.008,-0.049,-0.080,0.223,0.111,0.118,-0.329,-0.061,0.066,0.115,0.129,0.050,1.921,0.054,0.791,0.331,0.007,0.407,0.441,1.172,-0.266,0.315,1.022,0.548,0.202,0.412,0.911,0.000,0.470,0.249,0.700,0.407,0.709,0.546,0.632,0.117,1.483,0.765,0.187,0.731,0.588,0.319,0.487,0.589,0.460,0.520,0.580,0.125,0.239,0.427,0.269,0.078,0.386,0.229,0.216,0.220,0.404,0.055,0.248,0.412,0.391,0.391,0.030,0.007,0.159,-0.001,0.420,0.324,0.131,0.768,0.185,0.136,0.190,0.310,0.152,0.155,0.207,0.506,1.824,0.552,0.629,1.157,0.119,1.002,0.304,0.482,0.457,0.461,0.361,0.179,0.592,0.382,-0.285
2011-11-14 11:00:00,0.385,0.775,1.404,0.514,0.471,0.083,0.440,0.026,-0.024,-0.089,0.338,0.212,0.225,-0.352,0.033,0.312,0.114,0.474,0.039,2.074,0.069,1.196,0.366,0.175,0.288,0.785,0.998,-0.041,0.736,1.139,0.620,0.198,0.562,0.936,0.000,0.744,0.321,0.832,0.302,0.778,0.349,0.889,0.315,1.556,0.839,0.261,0.657,0.615,0.263,0.334,0.435,0.442,0.451,0.296,0.114,0.209,0.308,0.145,-0.036,0.145,0.181,-0.002,-0.016,0.265,0.223,0.338,0.476,0.682,0.579,0.070,0.158,0.365,-0.008,0.481,0.351,0.084,0.866,0.227,0.143,0.122,0.393,0.148,0.195,0.203,0.372,1.963,0.641,0.535,1.295,0.192,0.925,0.259,0.513,0.540,0.437,0.413,0.165,0.788,0.446,-0.189
2011-11-14 12:00:00,0.574,0.740,1.133,0.348,0.613,0.197,0.499,0.064,0.030,-0.011,0.466,0.200,0.240,-0.328,0.204,0.363,0.101,0.795,0.038,2.191,0.078,1.275,0.432,0.346,0.168,0.847,1.366,0.088,0.679,1.315,0.731,0.172,0.688,1.026,0.000,0.921,0.434,0.903,0.275,0.886,0.280,1.055,0.567,1.291,0.904,0.365,0.714,0.665,0.264,0.384,0.371,0.519,0.466,0.102,0.118,0.173,0.401,0.413,-0.039,0.252,0.179,0.115,0.038,0.264,0.533,0.126,0.607,0.790,0.743,0.082,0.136,0.529,-0.015,0.618,0.410,0.030,0.665,0.292,0.162,0.021,0.479,0.134,0.289,0.200,0.330,2.102,0.693,0.567,1.477,0.250,0.854,0.258,0.559,0.529,0.415,0.359,0.167,0.828,0.501,0.152
2011-11-14 13:00:00,0.732,0.735,1.095,0.604,0.701,0.232,0.614,0.117,0.171,0.062,0.511,0.263,0.327,-0.274,0.413,0.473,0.113,0.980,0.030,2.382,0.078,1.482,0.468,0.565,0.205,1.062,1.204,0.312,0.953,1.385,0.828,0.317,0.947,1.063,0.000,1.175,0.490,0.881,0.223,0.870,0.313,1.170,0.745,0.949,0.768,0.409,0.765,0.694,0.218,0.309,0.257,0.647,0.405,0.015,0.148,0.174,0.332,0.455,-0.074,0.151,0.149,0.087,0.124,0.265,0.430,0.312,0.669,0.914,0.918,0.214,0.271,0.585,-0.027,0.810,0.458,0.086,0.764,0.340,0.185,0.011,0.509,0.124,0.388,0.241,0.377,2.119,0.731,0.700,1.640,0.269,0.842,0.293,0.608,0.569,0.488,0.310,0.182,0.971,0.480,0.647
2011-11-14 14:00:00,0.858,0.555,1.061,0.699,0.742,0.376,0.746,0.206,0.366,0.224,0.581,0.300,0.320,-0.227,0.495,0.504,0.103,1.120,0.047,2.625,0.092,1.698,0.461,0.791,0.024,1.317,1.235,0.590,0.995,1.504,0.888,0.415,0.976,1.046,0.000,1.267,0.538,0.788,0.227,0.931,0.480,1.156,0.967,0.834,0.872,0.543,0.872,0.747,0.263,0.278,0.203,0.820,0.439,0.106,0.259,0.267,0.426,0.656,0.063,0.318,0.156,0.285,0.483,0.265,0.726,0.362,0.669,0.855,1.056,0.421,0.531,0.589,-0.023,0.967,0.486,0.200,0.672,0.350,0.203,0.112,0.528,0.172,0.597,0.215,0.415,1.944,0.844,0.725,1.802,0.256,0.867,0.292,0.648,0.589,0.583,0.447,0.275,1.071,0.642,0.986
2011-11-14 15:00:00,1.035,0.881,1.117,0.656,1.041,0.344,0.911,0.327,0.410,0.393,0.639,0.351,0.435,-0.128,0.589,0.602,0.117,1.096,0.063,2.872,0.098,1.958,0.664,1.129,0.304,1.644,1.364,0.598,1.118,1.449,0.847,0.477,1.300,1.118,0.000,1.450,0.604,0.798,0.302,1.228,0.816,1.221,1.010,0.824,0.930,0.714,0.918,0.791,0.367,0.287,0.158,0.981,0.546,0.037,0.360,0.360,0.544,0.927,0.211,0.348,0.190,0.455,0.481,0.371,1.419,0.486,0.847,0.904,1.239,0.700,0.617,0.686,-0.044,1.112,0.595,0.231,0.873,0.320,0.276,0.301,0.524,0.253,0.635,0.344,0.600,1.804,1.122,0.829,1.835,0.228,0.971,0.336,0.755,0.631,0.702,0.628,0.260,1.139,0.758,0.950
2011-11-14 16:00:00,1.094,0.898,1.118,0.555,1.017,0.328,0.916,0.339,0.456,0.512,0.572,0.360,0.235,-0.097,0.608,0.493,0.127,1.122,0.074,2.985,0.095,1.944,0.551,1.140,0.451,1.706,1.223,0.701,0.972,1.336,0.726,0.496,1.423,1.093,0.000,1.225,0.583,0.773,0.408,1.215,0.973,1.160,0.815,0.773,1.038,0.778,1.023,0.842,0.590,0.535,0.187,0.987,0.708,0.026,0.451,0.502,0.680,0.957,0.329,0.383,0.236,0.703,0.468,0.430,1.667,0.465,0.883,0.805,1.305,0.822,0.641,0.733,-0.035,1.180,0.715,0.228,0.952,0.356,0.303,0.423,0.505,0.303,0.780,0.425,0.794,1.642,1.276,0.916,1.962,0.162,0.997,0.304,0.849,0.637,0.752,0.740,0.273,1.088,0.771,1.054
2011-11-14 17:00:00,1.158,0.728,1.054,0.741,1.233,0.368,0.918,0.331,0.359,0.716,0.403,0.326,0.361,-0.044,0.710,0.452,0.159,0.939,0.109,3.038,0.076,1.861,0.737,1.325,0.907,1.819,1.269,0.613,1.168,1.342,0.590,0.587,1.440,1.021,0.000,1.128,0.537,0.770,0.494,1.284,1.049,1.026,0.554,0.946,1.049,0.775,1.083,0.949,0.824,0.796,0.393,1.015,0.733,0.122,0.460,0.521,0.717,1.186,0.448,0.468,0.268,0.922,0.673,0.591,1.960,0.582,1.004,0.658,1.386,0.901,0.654,0.708,0.746,1.287,0.827,0.349,1.143,0.380,0.318,0.510,0.378,0.357,0.799,0.505,0.855,1.568,1.523,0.952,1.825,0.122,1.124,0.281,0.905,0.566,0.666,0.868,0.245,0.939,0.914,1.704
2011-11-14 18:00:00,1.355,0.940,1.032,0.666,1.188,0.273,0.868,0.319,0.221,0.732,0.372,0.269,0.399,0.001,0.596,0.222,0.179,0.695,0.125,2.890,0.055,1.785,0.685,1.323,1.114,1.659,0.986,0.456,1.055,1.216,0.536,0.608,1.632,0.884,0.000,1.009,0.485,0.713,0.528,1.209,1.093,0.844,0.378,1.055,1.061,0.712,1.147,1.018,0.947,0.906,0.537,1.112,0.725,0.384,0.459,0.576,0.821,1.295,0.468,0.607,0.303,1.059,0.774,0.497,2.145,0.486,0.902,0.577,1.344,1.017,0.698,0.575,0.776,1.228,0.829,0.622,1.290,0.406,0.274,0.611,0.245,0.385,0.685,0.531,1.016,1.485,1.625,0.898,1.821,0.104,1.203,0.222,0.902,0.496,0.617,0.938,0.274,0.819,1.036,1.485
2011-11-14 19:00:00,1.322,0.370,1.159,0.571,1.372,0.342,0.954,0.409,0.267,0.803,0.394,0.318,0.467,0.135,0.545,0.097,0.203,0.522,0.151,2.738,0.065,1.151,0.895,1.365,1.795,1.793,1.315,0.425,1.390,1.157,0.563,0.697,1.844,0.843,0.000,0.920,0.436,0.649,0.555,1.245,1.139,0.691,0.300,1.118,1.122,0.805,1.081,0.999,1.045,0.985,0.613,1.207,0.717,0.571,0.424,0.537,0.774,1.154,0.541,0.724,0.326,1.004,0.913,0.607,2.148,0.691,0.794,0.328,1.326,1.114,0.665,0.422,0.863,1.095,0.784,0.718,1.302,0.405,0.285,0.751,0.190,0.441,0.597,0.490,1.062,1.339,1.620,0.888,1.899,0.143,1.271,0.195,0.948,0.432,0.589,1.019,0.244,0.693,1.186,0.754
2011-11-14 20:00:00,1.064,0.386,1.136,0.579,1.235,0.212,0.746,0.424,0.467,0.625,0.308,0.334,0.274,0.085,0.210,0.015,0.206,0.104,0.174,2.352,0.081,0.958,0.865,0.985,1.957,1.228,0.976,0.406,1.284,0.914,0.613,0.619,1.904,0.751,0.000,0.906,0.388,0.579,0.487,1.065,1.160,0.569,0.218,1.012,1.046,0.875,0.848,0.962,1.116,0.898,0.715,1.306,0.765,0.610,0.405,0.499,0.750,1.111,0.554,0.499,0.409,0.940,0.829,0.718,1.425,0.607,0.563,0.392,1.132,1.002,0.525,0.352,0.856,1.002,0.665,0.606,1.223,0.363,0.325,0.840,0.207,0.467,0.567,0.475,1.051,1.007,1.546,0.869,1.942,0.191,1.245,0.148,0.937,0.383,0.600,1.019,0.238,0.494,1.318,0.384
2011-11-14 21:00:00,0.855,0.149,1.151,0.743,1.214,0.185,0.726,0.428,0.663,0.597,0.274,0.375,0.155,0.090,0.116,0.080,0.199,-0.094,0.182,1.904,0.091,0.923,0.951,0.660,1.898,1.058,0.688,0.474,1.001,0.808,0.652,0.601,1.783,0.635,0.000,0.727,0.360,0.642,0.511,0.677,1.105,0.566,0.071,0.965,1.053,0.850,0.653,0.904,1.199,0.842,0.729,1.313,0.727,0.622,0.314,0.410,0.610,0.942,0.655,0.537,0.405,0.844,0.502,0.875,0.798,0.592,0.334,0.452,1.012,0.959,0.400,0.291,0.894,0.967,0.617,0.546,0.928,0.317,0.263,0.838,0.239,0.464,0.431,0.429,0.893,0.709,1.481,0.849,1.868,0.258,1.144,0.119,0.840,0.359,0.528,0.999,0.201,0.413,1.372,0.081
2011-11-14 22:00:00,0.647,0.165,1.012,0.760,1.013,0.105,0.480,0.310,0.505,0.544,0.193,0.390,0.155,0.052,0.011,0.082,0.197,-0.095,0.178,1.574,0.102,0.593,0.704,0.186,1.435,1.167,0.649,0.423,0.784,0.676,0.604,0.513,1.485,0.466,0.000,0.434,0.301,0.626,0.601,0.546,0.878,0.561,-0.085,0.877,1.072,0.745,0.430,0.826,0.966,0.710,0.696,1.178,0.571,0.504,0.233,0.248,0.426,0.478,0.529,0.307,0.357,0.578,0.204,0.641,0.391,0.459,0.213,0.540,0.703,0.583,0.337,0.290,0.853,0.859,0.583,0.462,0.734,0.249,0.260,0.657,0.273,0.442,0.390,0.407,0.667,0.421,1.300,0.682,1.631,0.287,1.043,0.111,0.744,0.273,0.360,0.901,0.077,0.325,1.201,-0.054
2011-11-14 23:00:00,0.397,0.077,0.661,0.558,0.671,0.078,0.310,0.183,0.280,0.445,0.090,0.340,0.125,-0.019,-0.083,0.171,0.195,-0.164,0.170,1.427,0.079,0.265,0.392,-0.028,0.773,1.147,0.443,0.219,0.694,0.589,0.464,0.400,1.246,0.262,0.000,0.337,0.298,0.496,0.572,0.501,0.574,0.567,-0.079,0.683,1.056,0.603,0.291,0.751,0.780,0.490,0.579,1.072,0.408,0.411,0.192,0.139,0.309,0.572,0.363,0.328,0.281,0.523,0.177,0.620,0.284,0.134,0.091,0.551,0.481,0.225,0.104,0.190,0.848,0.739,0.492,0.386,0.420,0.227,0.231,0.430,0.287,0.414,0.257,0.330,0.526,0.346,0.992,0.520,1.529,0.303,0.905,0.112,0.664,0.223,0.245,0.677,0.054,0.266,1.103,-0.124
2011-11-15 00:00:00,0.234,-0.068,0.414,0.283,0.422,0.078,0.116,0.073,0.178,0.275,-0.048,0.285,0.002,-0.105,-0.176,0.143,0.197,-0.239,0.162,1.181,0.058,0.036,0.023,-0.142,0.089,0.992,0.400,-0.025,0.480,0.479,0.341,0.361,1.203,0.207,0.000,0.196,0.284,0.421,0.527,0.480,0.386,0.590,0.035,0.468,0.947,0.469,0.147,0.605,0.637,0.238,0.397,0.899,0.254,0.294,0.176,0.068,0.152,0.564,0.171,0.171,0.227,0.439,0.181,0.387,0.260,-0.146,0.096,0.453,0.256,0.001,-0.054,0.106,0.853,0.689,0.379,0.288,0.411,0.181,0.171,0.290,0.276,0.375,0.197,0.424,0.348,0.345,0.786,0.458,1.394,0.317,0.800,0.142,0.707,0.163,0.189,0.596,0.061,0.254,0.929,-0.182
2011-11-15 01:00:00,0.022,-0.180,0.333,0.294,0.381,0.075,-0.051,0.043,0.243,0.155,-0.096,0.239,-0.051,-0.161,-0.137,0.130,0.193,-0.207,0.158,1.230,0.048,-0.034,-0.194,-0.020,-0.352,0.954,0.407,-0.113,0.291,0.474,0.301,0.369,0.978,0.234,0.000,0.270,0.276,0.341,0.509,0.417,0.287,0.568,0.079,0.311,1.024,0.299,0.183,0.550,0.527,0.114,0.308,0.876,0.286,0.108,0.221,0.096,0.067,0.568,0.155,0.097,0.194,0.390,0.278,0.235,0.178,-0.229,0.136,0.208,0.218,-0.183,-0.164,0.037,0.853,0.689,0.353,0.214,0.352,0.145,0.162,0.149,0.303,0.322,0.235,0.469,0.255,0.232,0.569,0.449,1.177,0.261,0.740,0.184,0.709,0.182,0.207,0.523,0.108,0.277,0.857,-0.222
2011-11-15 02:00:00,0.099,-0.118,0.302,0.322,0.607,-0.046,-0.055,0.041,0.208,0.170,-0.193,0.211,-0.161,-0.200,-0.031,0.082,0.191,-0.262,0.160,1.262,0.043,0.224,-0.185,0.092,-0.455,0.857,0.552,-0.088,-0.037,0.535,0.343,0.347,0.875,0.226,0.000,0.154,0.245,0.274,0.486,0.404,0.262,0.527,0.011,0.110,0.946,0.137,0.249,0.569,0.431,0.097,0.305,0.904,0.313,0.116,0.272,0.075,0.068,0.564,0.138,0.035,0.184,0.342,0.181,0.271,0.130,-0.263,0.212,0.074,0.258,-0.125,-0.237,-0.024,0.906,0.654,0.379,0.172,0.490,0.147,0.150,0.044,0.306,0.274,0.313,0.659,0.274,0.129,0.464,0.408,0.989,0.203,0.750,0.196,0.600,0.175,0.213,0.422,0.088,0.287,0.587,-0.054
2011-11-15 03:00:00,0.148,0.024,0.441,0.219,0.576,-0.049,0.036,0.060,0.190,0.242,-0.064,0.215,-0.092,-0.184,0.144,-0.016,0.184,-0.237,0.142,1.397,0.042,0.594,-0.131,0.158,-0.340,0.482,0.624,-0.073,-0.151,0.620,0.307,0.328,0.723,0.256,0.000,-0.140,0.210,0.201,0.507,0.490,0.297,0.466,-0.113,-0.040,0.991,0.177,0.355,0.633,0.314,0.097,0.270,0.806,0.342,0.147,0.349,0.053,0.087,0.537,0.106,0.085,0.173,0.337,0.188,0.161,0.074,-0.176,0.210,-0.017,0.263,-0.103,-0.177,-0.047,0.838,0.669,0.471,0.143,0.583,0.190,0.134,0.060,0.285,0.217,0.301,0.629,0.236,0.199,0.291,0.488,0.698,0.092,0.752,0.165,0.662,0.254,0.242,0.376,0.096,0.343,0.426,0.648
2011-11-15 04:00:00,0.097,-0.024,0.382,0.396,0.359,-0.063,0.025,-0.018,-0.011,0.222,-0.144,0.188,-0.107,-0.210,0.110,-0.075,0.180,-0.280,0.132,1.437,0.058,0.340,-0.180,0.102,-0.469,0.156,0.621,-0.259,-0.370,0.630,0.321,0.261,0.539,0.238,0.000,-0.266,0.148,0.148,0.447,0.547,0.399,0.375,-0.297,-0.030,0.978,0.107,0.447,0.643,0.302,0.147,0.222,0.693,0.332,0.123,0.358,0.096,0.092,0.742,0.066,0.146,0.158,0.346,0.225,0.165,0.035,-0.182,0.112,-0.222,0.047,-0.052,-0.173,-0.072,0.845,0.532,0.515,0.088,0.716,0.211,0.138,0.072,0.204,0.170,0.362,0.679,0.270,0.294,0.235,0.546,0.623,0.029,0.849,0.181,0.487,0.229,0.257,0.312,0.144,0.389,0.377,0.983
2011-11-15 05:00:00,0.233,-0.019,0.271,0.482,0.386,-0.090,0.036,-0.070,-0.313,0.151,-0.136,0.092,0.020,-0.229,0.035,-0.046,0.194,-0.365,0.114,1.705,0.050,0.192,-0.036,0.234,-0.607,0.013,0.538,-0.442,-0.316,0.658,0.395,0.202,0.749,0.245,0.000,-0.234,0.085,0.083,0.440,0.569,0.400,0.280,-0.366,0.069,0.948,0.013,0.542,0.686,0.286,0.148,0.286,0.617,0.354,0.181,0.373,0.237,0.246,0.929,0.098,0.224,0.151,0.540,0.394,0.189,0.247,-0.223,0.200,-0.169,0.085,-0.099,-0.272,-0.122,0.810,0.443,0.561,0.123,0.716,0.213,0.092,0.111,0.150,0.182,0.438,0.631,0.291,0.460,0.237,0.511,0.540,-0.037,0.974,0.161,0.381,0.264,0.284,0.254,0.214,0.396,0.558,0.344
2011-11-15 06:00:00,0.460,-0.079,0.498,0.485,0.505,-0.072,0.018,-0.086,-0.550,0.164,-0.181,-0.005,0.093,-0.242,0.065,-0.172,0.201,-0.278,0.096,1.862,0.062,0.047,0.169,0.446,-0.354,0.294,0.704,-0.439,-0.168,0.681,0.466,0.253,0.741,0.332,0.000,-0.052,0.119,0.097,0.449,0.614,0.396,0.241,-0.360,0.248,0.987,0.016,0.719,0.722,0.331,0.259,0.413,0.635,0.444,0.246,0.398,0.324,0.409,1.015,0.243,0.347,0.192,0.758,0.526,0.144,0.526,-0.289,0.420,-0.196,0.111,0.052,-0.196,-0.166,0.828,0.384,0.565,0.179,0.704,0.215,0.098,0.229,0.093,0.206,0.474,0.612,0.350,0.784,0.304,0.580,0.624,-0.056,0.950,0.165,0.586,0.356,0.345,0.343,0.302,0.353,0.713,0.161
2011-11-15 07:00:00,0.585,-0.121,0.971,0.685,0.565,0.055,0.002,-0.018,-0.312,0.097,0.051,-0.050,0.159,-0.254,0.146,-0.174,0.191,-0.373,0.075,2.119,0.089,0.068,0.409,0.581,0.179,0.363,0.744,-0.444,0.208,0.709,0.570,0.365,0.643,0.383,0.000,0.001,0.115,0.136,0.555,0.700,0.410,0.281,-0.357,0.467,0.950,0.018,0.898,0.814,0.327,0.459,0.483,0.700,0.599,0.413,0.390,0.335,0.543,0.918,0.366,0.348,0.269,0.889,0.505,0.311,0.484,-0.129,0.415,-0.308,0.369,0.167,-0.110,-0.093,0.050,0.390,0.542,0.177,0.774,0.204,0.131,0.338,0.110,0.192,0.387,0.423,0.489,0.918,0.353,0.590,0.797,-0.030,1.075,0.210,0.516,0.536,0.440,0.332,0.354,0.465,0.874,0.183
2011-11-15 08:00:00,0.631,-0.077,1.054,0.969,0.465,0.004,-0.068,-0.017,0.100,-0.079,0.358,-0.022,0.192,-0.329,0.093,-0.140,0.151,-0.357,0.050,1.831,0.087,0.221,0.295,0.355,0.129,0.359,0.640,-0.324,0.118,0.741,0.477,0.308,0.566,0.427,0.000,0.109,0.088,0.154,0.560,0.688,0.411,0.335,-0.256,0.671,1.102,0.107,0.944,0.817,0.330,0.595,0.555,0.657,0.699,0.668,0.313,0.311,0.508,0.757,0.364,0.389,0.312,0.860,0.250,0.327,-0.003,-0.045,0.415,-0.260,0.392,0.174,0.020,-0.126,0.001,0.310,0.456,0.236,0.678,0.207,0.129,0.306,0.138,0.172,0.287,0.315,0.499,1.101,0.400,0.555,0.856,0.011,0.924,0.239,0.591,0.531,0.435,0.264,0.200,0.595,0.894,-0.154
2011-11-15 09:00:00,0.657,-0.023,1.319,0.809,0.505,0.065,0.187,0.035,0.133,-0.028,0.479,0.082,0.382,-0.305,0.164,0.023,0.124,-0.124,0.049,2.041,0.062,0.530,0.273,0.248,0.038,0.540,0.682,-0.231,0.350,0.919,0.513,0.317,0.883,0.539,0.000,0.300,0.138,0.276,0.591,0.680,0.336,0.494,-0.066,1.016,0.933,0.228,0.830,0.671,0.322,0.499,0.574,0.542,0.575,0.750,0.188,0.150,0.384,0.485,0.215,0.363,0.331,0.599,0.176,0.334,-0.043,0.190,0.352,0.017,0.529,0.284,0.216,-0.081,0.005,0.296,0.431,0.432,0.612,0.190,0.118,0.267,0.227,0.167,0.234,0.372,0.453,1.442,0.497,0.536,1.020,0.077,0.881,0.212,0.701,0.573,0.532,0.297,0.163,0.559,0.846,-0.333
2011-11-15 10:00:00,0.904,0.079,1.538,0.527,0.451,0.113,0.229,0.023,-0.076,0.167,0.378,0.120,0.398,-0.319,0.230,0.027,0.109,0.369,0.042,2.091,0.060,0.342,0.093,-0.012,-0.082,0.505,0.852,-0.240,0.494,0.960,0.658,0.257,0.931,0.637,0.000,0.437,0.209,0.391,0.479,0.785,0.277,0.750,0.122,1.318,0.845,0.200,0.685,0.588,0.293,0.314,0.519,0.476,0.403,0.595,0.166,0.052,0.322,0.240,0.056,0.250,0.247,0.226,0.223,0.318,0.064,0.079,0.380,0.328,0.535,0.066,0.301,0.085,-0.017,0.327,0.422,0.436,0.633,0.174,0.093,0.276,0.329,0.153,0.298,0.318,0.510,1.525,0.505,0.500,1.116,0.112,0.787,0.220,0.680,0.569,0.557,0.297,0.136,0.664,0.731,-0.315
2011-11-15 11:00:00,1.177,0.293,1.539,0.496,0.504,0.287,0.386,0.085,-0.166,0.296,0.473,0.189,0.452,-0.271,0.268,0.270,0.114,0.688,0.038,2.329,0.063,0.443,0.168,0.179,0.083,0.847,0.943,-0.109,0.943,1.088,0.939,0.341,0.905,0.821,0.000,0.781,0.321,0.539,0.391,1.008,0.222,1.031,0.395,1.529,0.865,0.227,0.580,0.536,0.366,0.193,0.421,0.393,0.386,0.347,0.173,0.083,0.303,0.276,-0.035,0.129,0.182,0.056,0.214,0.265,0.359,0.097,0.467,0.643,0.765,0.190,0.241,0.285,-0.032,0.475,0.345,0.312,0.637,0.190,0.151,0.248,0.406,0.157,0.233,0.370,0.574,1.710,0.553,0.628,1.331,0.184,0.739,0.240,0.629,0.603,0.631,0.338,0.217,0.858,0.770,-0.081
2011-11-15 12:00:00,1.299,0.404,1.114,0.472,0.652,0.404,0.455,0.119,0.029,0.168,0.439,0.250,0.353,-0.274,0.387,0.395,0.106,1.058,0.036,2.503,0.049,0.813,0.068,0.372,0.021,0.865,0.947,0.150,1.173,1.199,0.973,0.353,0.784,0.932,0.000,0.934,0.456,0.603,0.256,1.061,0.280,1.233,0.734,1.395,0.922,0.276,0.621,0.587,0.500,0.181,0.386,0.510,0.375,0.178,0.207,0.073,0.319,0.437,-0.045,0.152,0.145,0.065,0.200,0.222,0.483,-0.050,0.535,0.766,0.778,0.295,0.308,0.549,-0.041,0.675,0.380,0.236,0.797,0.252,0.132,0.193,0.441,0.135,0.282,0.359,0.566,1.788,0.591,0.712,1.475,0.233,0.706,0.270,0.632,0.572,0.654,0.324,0.213,0.879,0.701,0.199
2011-11-15 13:00:00,1.419,0.407,1.010,0.312,0.952,0.494,0.846,0.247,0.239,0.334,0.601,0.329,0.518,-0.169,0.595,0.601,0.112,1.202,0.042,2.632,0.049,1.420,0.252,0.693,0.307,1.193,1.170,0.590,1.354,1.352,0.937,0.493,1.017,1.106,0.000,1.267,0.555,0.690,0.227,1.045,0.507,1.337,0.975,1.136,0.757,0.414,0.719,0.693,0.654,0.244,0.279,0.645,0.429,0.193,0.257,0.111,0.323,0.511,0.049,0.313,0.096,0.195,0.256,0.276,0.656,0.121,0.682,0.872,0.863,0.463,0.500,0.764,-0.051,0.807,0.509,0.086,0.844,0.297,0.200,0.200,0.490,0.133,0.463,0.366,0.549,1.956,0.725,0.763,1.649,0.308,0.721,0.293,0.659,0.637,0.673,0.423,0.228,0.993,0.668,0.679
2011-11-15 14:00:00,1.216,0.493,0.999,0.350,0.867,0.475,0.761,0.273,0.419,0.483,0.609,0.338,0.472,-0.188,0.634,0.512,0.109,1.315,0.050,2.729,0.057,1.698,0.139,0.661,0.492,1.128,1.377,0.892,1.217,1.306,0.925,0.518,1.345,1.149,0.000,1.329,0.616,0.768,0.242,1.033,0.812,1.349,1.081,1.025,0.681,0.570,0.728,0.735,0.646,0.334,0.183,0.716,0.404,0.200,0.315,0.217,0.354,0.351,0.189,0.296,0.113,0.284,0.361,0.339,0.720,0.149,0.689,0.814,0.862,0.594,0.565,0.863,-0.046,0.985,0.621,0.050,1.109,0.313,0.224,0.247,0.559,0.163,0.631,0.466,0.508,1.964,0.885,0.772,1.665,0.332,0.848,0.328,0.680,0.663,0.789,0.511,0.254,1.120,0.507,1.035
2011-11-15 15:00:00,1.235,0.738,1.091,0.508,0.890,0.555,1.050,0.361,0.491,0.740,0.756,0.361,0.519,-0.097,0.743,0.685,0.113,1.225,0.044,2.951,0.049,1.981,0.321,1.016,0.695,1.270,1.546,0.992,1.421,1.388,0.836,0.620,1.492,1.218,0.000,1.518,0.675,0.849,0.228,1.206,1.154,1.392,0.999,0.991,0.958,0.618,0.714,0.762,0.612,0.350,0.154,0.732,0.435,0.148,0.340,0.403,0.358,0.565,0.278,0.320,0.133,0.343,0.345,0.408,1.257,0.311,0.738,0.740,1.142,0.821,0.391,1.046,-0.064,1.175,0.625,0.132,1.227,0.349,0.248,0.304,0.541,0.219,0.652,0.541,0.684,2.065,1.182,0.960,1.704,0.316,1.029,0.326,0.683,0.737,0.877,0.665,0.254,1.128,0.630,1.145
2011-11-15 16:00:00,1.439,0.839,1.142,0.556,1.066,0.513,1.192,0.384,0.426,0.850,0.617,0.404,0.491,-0.017,0.759,0.471,0.132,1.256,0.067,3.201,0.052,2.133,0.341,1.240,0.623,1.470,1.659,0.869,1.386,1.427,0.741,0.678,1.704,1.190,0.000,1.323,0.658,0.899,0.341,1.377,1.484,1.342,0.850,1.002,0.905,0.589,0.745,0.832,0.613,0.442,0.217,0.809,0.569,0.129,0.399,0.411,0.459,1.045,0.321,0.319,0.172,0.517,0.454,0.469,1.973,0.327,0.949,0.665,1.319,1.156,0.589,1.122,-0.057,1.312,0.702,0.232,1.327,0.356,0.248,0.377,0.454,0.271,0.762,0.689,0.846,1.914,1.413,1.245,1.685,0.262,1.276,0.328,0.600,0.740,0.983,0.810,0.259,1.122,0.826,1.334
2011-11-15 17:00:00,1.520,0.651,0.990,0.567,1.188,0.445,1.277,0.385,0.288,0.987,0.337,0.377,0.384,0.038,0.869,0.384,0.169,1.112,0.145,3.237,0.056,1.999,0.462,1.363,0.679,1.451,1.434,0.722,1.576,1.370,0.593,0.651,1.857,1.149,0.000,1.243,0.682,0.893,0.484,1.424,1.666,1.156,0.667,1.229,0.848,0.554,0.881,0.962,0.657,0.757,0.356,0.905,0.641,0.203,0.451,0.418,0.621,1.196,0.379,0.407,0.200,0.698,0.572,0.409,2.254,0.356,1.025,0.396,1.392,1.007,0.606,1.059,0.682,1.330,0.703,0.316,1.257,0.371,0.244,0.494,0.314,0.339,0.926,0.849,0.913,1.954,1.559,1.281,1.677,0.191,1.462,0.329,0.690,0.702,0.952,0.843,0.281,1.067,1.002,1.901
2011-11-15 18:00:00,1.646,0.628,1.032,0.638,1.300,0.373,1.214,0.365,0.214,1.036,0.286,0.332,0.356,0.061,0.785,0.177,0.186,0.869,0.174,3.172,0.075,1.860,0.600,1.548,0.961,1.546,1.187,0.485,1.438,1.218,0.562,0.726,2.190,1.071,0.000,1.137,0.646,0.886,0.598,1.395,1.673,0.962,0.483,1.447,1.071,0.602,1.067,1.113,0.772,0.969,0.506,1.029,0.757,0.386,0.437,0.496,0.724,1.240,0.510,0.615,0.223,0.981,0.656,0.416,2.153,0.397,1.082,0.439,1.418,1.151,0.707,0.891,0.733,1.276,0.743,0.318,1.171,0.379,0.240,0.648,0.234,0.390,0.821,0.846,0.999,1.813,1.646,1.289,1.692,0.169,1.428,0.299,0.911,0.629,0.909,0.845,0.299,1.016,1.139,1.579
2011-11-15 19:00:00,1.601,0.549,1.077,0.693,1.391,0.363,1.198,0.454,0.289,1.010,0.268,0.316,0.358,0.179,0.662,0.132,0.191,0.554,0.154,2.898,0.082,1.386,0.842,1.525,1.668,1.585,1.113,0.406,1.815,1.031,0.442,0.763,2.163,1.070,0.000,1.034,0.629,0.902,0.622,1.309,1.701,0.847,0.336,1.465,1.209,0.734,1.075,1.157,0.969,1.079,0.635,1.164,0.764,0.507,0.445,0.476,0.713,1.122,0.584,0.729,0.312,1.117,0.641,0.547,1.758,0.567,0.912,0.264,1.358,1.350,0.469,0.608,0.794,1.238,0.780,0.376,1.037,0.391,0.280,0.813,0.229,0.481,0.654,0.938,0.991,1.624,1.697,1.269,1.775,0.179,1.762,0.225,1.002,0.602,0.831,0.979,0.275,0.976,1.296,0.809
2011-11-15 20:00:00,1.313,0.348,1.161,0.750,1.328,0.273,1.197,0.511,0.497,0.803,0.280,0.429,0.277,0.181,0.475,0.128,0.196,0.210,0.170,2.549,0.105,1.350,0.938,1.255,2.016,1.163,0.908,0.562,1.653,0.775,0.380,0.678,2.074,0.932,0.000,0.996,0.539,0.903,0.618,1.216,1.604,0.768,0.200,1.199,1.075,0.857,0.910,1.117,1.182,1.163,0.604,1.251,0.779,0.619,0.430,0.495,0.633,0.975,0.701,0.703,0.414,1.130,0.701,0.714,1.232,0.648,0.694,0.358,1.115,1.163,0.533,0.398,0.794,1.138,0.858,0.501,0.895,0.336,0.293,0.873,0.239,0.511,0.695,0.663,0.898,1.463,1.652,1.134,1.697,0.259,1.699,0.173,1.053,0.616,0.763,1.018,0.224,0.974,1.293,0.422
2011-11-15 21:00:00,0.838,0.220,1.046,0.610,1.077,0.190,1.038,0.482,0.682,0.705,0.289,0.471,0.285,0.169,0.233,0.237,0.185,-0.088,0.195,2.082,0.102,1.260,0.985,0.797,2.032,0.837,0.595,0.696,1.518,0.657,0.292,0.540,2.012,0.750,0.000,0.695,0.527,0.889,0.651,1.014,1.430,0.773,0.082,1.122,1.020,0.959,0.747,1.029,1.284,1.167,0.573,1.198,0.624,0.634,0.381,0.480,0.443,0.829,0.773,0.473,0.458,0.903,0.468,0.789,0.725,0.640,0.515,0.501,0.838,1.072,0.764,0.306,0.814,1.022,0.843,0.605,0.737,0.314,0.326,0.800,0.311,0.559,0.737,0.621,0.690,1.293,1.569,1.050,1.745,0.320,1.410,0.141,0.990,0.548,0.631,0.941,0.205,0.955,1.334,0.197
2011-11-15 22:00:00,0.541,0.167,1.058,0.556,0.924,0.126,0.799,0.374,0.583,0.598,0.108,0.441,0.253,0.105,0.084,0.213,0.191,-0.142,0.189,1.644,0.093,0.798,0.792,0.276,1.638,0.798,0.465,0.735,1.146,0.545,0.319,0.419,1.910,0.485,0.000,0.588,0.462,0.792,0.723,0.745,1.004,0.819,0.045,0.904,1.206,0.873,0.527,0.942,1.065,0.996,0.635,1.046,0.502,0.538,0.287,0.388,0.294,0.633,0.614,0.404,0.419,0.681,0.239,0.666,0.372,0.255,0.300,0.564,0.597,0.623,0.492,0.266,0.827,0.874,0.783,0.499,0.584,0.263,0.329,0.651,0.353,0.530,0.643,0.497,0.526,0.931,1.356,0.986,1.619,0.386,1.025,0.134,0.783,0.444,0.466,0.832,0.134,0.831,1.220,-0.087
2011-11-15 23:00:00,0.365,0.147,0.843,0.477,0.775,0.131,0.570,0.233,0.484,0.570,0.145,0.385,0.201,0.051,0.074,0.286,0.202,-0.186,0.175,1.468,0.091,0.522,0.529,0.104,1.070,0.961,0.417,0.573,1.192,0.614,0.336,0.384,1.596,0.380,0.000,0.516,0.411,0.684,0.670,0.604,0.678,0.783,0.116,0.737,1.123,0.717,0.373,0.819,0.674,0.667,0.547,0.879,0.427,0.358,0.251,0.246,0.191,0.670,0.349,0.326,0.339,0.547,0.233,0.506,0.256,0.076,0.263,0.679,0.521,0.298,0.086,0.210,0.848,0.752,0.680,0.301,0.393,0.157,0.305,0.480,0.359,0.513,0.485,0.314,0.447,0.577,1.073,0.769,1.574,0.408,0.880,0.147,0.566,0.320,0.347,0.708,0.127,0.937,1.071,-0.218
2011-11-16 00:00:00,0.326,-0.013,0.572,0.378,0.565,0.163,0.288,0.154,0.348,0.487,-0.000,0.364,0.108,-0.035,0.107,0.178,0.195,-0.168,0.157,1.305,0.067,0.363,0.166,0.096,0.360,0.911,0.545,0.574,0.953,0.617,0.350,0.341,1.397,0.298,0.000,0.460,0.375,0.518,0.518,0.546,0.488,0.740,0.298,0.544,0.980,0.614,0.279,0.700,0.435,0.327,0.397,0.867,0.401,0.232,0.251,0.195,0.144,0.714,0.215,0.195,0.271,0.509,0.265,0.371,0.294,-0.147,0.298,0.561,0.340,-0.074,0.108,0.135,0.822,0.686,0.563,0.232,0.302,0.115,0.247,0.304,0.363,0.448,0.490,0.194,0.348,0.490,0.870,0.517,1.441,0.407,0.705,0.200,0.404,0.290,0.294,0.582,0.115,0.927,1.004,-0.268
2011-11-16 01:00:00,0.311,-0.177,0.639,0.269,0.620,0.121,0.232,0.149,0.464,0.331,-0.089,0.375,-0.015,-0.057,0.130,0.233,0.187,-0.191,0.152,1.346,0.056,0.466,0.028,0.237,-0.106,0.850,0.772,0.367,0.811,0.665,0.364,0.396,1.018,0.258,0.000,0.398,0.343,0.387,0.420,0.553,0.411,0.751,0.371,0.463,1.028,0.450,0.275,0.598,0.349,0.145,0.328,0.824,0.328,0.195,0.238,0.203,0.106,0.546,0.192,0.127,0.230,0.470,0.186,0.302,0.262,-0.090,0.303,0.431,0.225,-0.098,0.280,0.072,0.822,0.647,0.564,0.213,0.311,0.086,0.256,0.137,0.406,0.371,0.534,0.319,0.310,0.295,0.657,0.434,1.304,0.329,0.609,0.198,0.032,0.290,0.284,0.521,0.149,0.896,0.717,-0.224
2011-11-16 02:00:00,0.273,-0.109,0.603,0.296,0.602,0.062,0.035,0.167,0.453,0.287,-0.151,0.316,-0.215,-0.110,0.112,0.140,0.173,-0.154,0.161,1.317,0.058,0.343,-0.126,0.235,-0.432,0.768,0.976,0.384,0.182,0.695,0.339,0.342,0.775,0.255,0.000,0.174,0.309,0.348,0.408,0.595,0.437,0.760,0.190,0.286,0.970,0.388,0.273,0.576,0.349,0.111,0.298,0.807,0.328,0.182,0.252,0.120,0.031,0.398,0.130,0.060,0.226,0.345,0.189,0.275,0.105,-0.219,0.318,0.254,0.178,-0.090,0.191,0.081,0.831,0.707,0.542,0.214,0.373,0.135,0.245,0.133,0.429,0.317,0.512,0.192,0.349,0.312,0.509,0.462,1.150,0.221,0.572,0.217,-0.015,0.280,0.331,0.504,0.148,0.978,0.522,0.124
2011-11-16 03:00:00,0.304,0.088,0.640,0.370,0.581,-0.050,-0.039,0.099,0.358,0.339,-0.140,0.319,-0.191,-0.165,0.189,0.201,0.171,-0.196,0.137,1.399,0.036,0.816,-0.106,0.302,-0.591,0.292,0.953,0.389,0.059,0.696,0.296,0.347,0.522,0.300,0.000,-0.044,0.222,0.284,0.409,0.616,0.396,0.679,0.028,0.065,0.970,0.288,0.364,0.651,0.342,0.092,0.311,0.716,0.350,0.145,0.309,0.064,0.002,0.395,0.117,0.092,0.169,0.240,0.214,0.255,-0.136,-0.184,0.288,0.180,0.133,-0.082,-0.185,-0.041,0.810,0.666,0.554,0.239,0.461,0.164,0.217,0.125,0.352,0.274,0.359,0.348,0.335,0.390,0.361,0.550,0.923,0.110,0.570,0.193,0.157,0.291,0.324,0.428,0.139,0.914,0.376,0.912
2011-11-16 04:00:00,0.651,0.215,0.608,0.308,0.559,0.046,0.147,0.072,0.069,0.484,0.020,0.247,-0.070,-0.106,0.250,0.017,0.170,-0.082,0.123,1.654,0.045,0.973,-0.036,0.506,-0.722,0.230,0.895,0.251,-0.219,0.892,0.238,0.388,0.614,0.360,0.000,-0.150,0.181,0.249,0.394,0.753,0.334,0.564,-0.131,-0.011,0.948,0.115,0.429,0.739,0.388,0.041,0.247,0.547,0.299,0.088,0.385,0.094,0.119,0.693,0.068,0.120,0.129,0.260,0.229,0.115,0.244,-0.173,0.316,0.061,0.124,-0.007,-0.458,0.030,0.839,0.613,0.693,0.226,0.581,0.188,0.212,0.179,0.275,0.256,0.464,0.248,0.376,0.449,0.336,0.620,0.679,0.022,0.682,0.226,0.358,0.285,0.343,0.332,0.170,0.805,0.279,1.223
2011-11-16 05:00:00,0.772,0.005,0.501,0.408,0.587,-0.001,0.161,0.020,-0.402,0.298,-0.154,0.120,0.012,-0.121,0.149,-0.085,0.189,-0.152,0.124,1.927,0.056,0.374,0.036,0.564,-0.430,0.282,0.955,0.021,-0.016,0.922,0.298,0.373,0.747,0.387,0.000,-0.128,0.137,0.194,0.491,0.747,0.399,0.486,-0.145,0.086,1.008,0.038,0.490,0.777,0.300,0.107,0.244,0.508,0.310,0.055,0.427,0.188,0.239,1.579,0.088,0.318,0.105,0.550,0.430,0.109,0.454,-0.166,0.453,-0.122,0.016,-0.035,-0.408,-0.005,0.768,0.515,0.674,0.124,0.781,0.184,0.189,0.207,0.182,0.242,0.588,0.377,0.424,0.650,0.318,0.683,0.649,-0.014,0.879,0.238,0.526,0.342,0.350,0.299,0.233,0.766,0.434,0.676
2011-11-16 06:00:00,0.736,-0.019,0.626,0.547,0.582,0.022,0.141,0.022,-0.416,0.137,-0.140,0.019,0.021,-0.200,0.050,-0.125,0.199,-0.349,0.103,2.021,0.064,0.349,0.265,0.699,-0.385,0.135,0.640,0.101,0.039,0.839,0.472,0.400,0.586,0.517,0.000,-0.072,0.114,0.140,0.513,0.613,0.436,0.355,-0.088,0.211,1.019,0.030,0.690,0.877,0.285,0.175,0.373,0.574,0.522,0.140,0.372,0.326,0.453,1.830,0.205,0.443,0.141,0.798,0.650,0.198,0.535,-0.245,0.539,-0.171,0.013,0.107,-0.112,-0.068,0.765,0.522,0.590,0.065,0.833,0.206,0.176,0.145,0.130,0.217,0.421,0.307,0.425,0.718,0.297,0.707,0.762,-0.015,0.944,0.348,0.473,0.434,0.373,0.242,0.292,0.750,0.528,0.306
2011-11-16 07:00:00,0.976,-0.015,1.021,0.712,0.922,0.081,0.194,0.051,-0.157,0.098,0.145,-0.060,0.123,-0.226,0.072,-0.117,0.200,-0.376,0.055,2.148,0.063,0.438,0.479,0.814,0.192,0.506,0.772,0.088,0.234,0.778,0.497,0.379,0.508,0.623,0.000,0.148,0.096,0.138,0.543,0.536,0.536,0.352,-0.065,0.484,1.031,0.042,0.851,0.919,0.276,0.402,0.494,0.639,0.624,0.398,0.267,0.375,0.572,1.073,0.397,0.343,0.201,1.036,0.496,0.318,0.452,-0.098,0.737,-0.259,0.195,0.371,-0.090,-0.001,0.029,0.540,0.487,0.096,0.868,0.226,0.171,0.124,0.134,0.201,0.324,0.317,0.458,0.948,0.404,0.694,0.990,-0.000,0.915,0.326,0.592,0.607,0.428,0.239,0.320,0.778,0.679,0.240
2011-11-16 08:00:00,0.889,0.135,1.496,1.044,0.937,0.074,0.383,0.149,0.075,0.106,0.513,0.009,0.214,-0.193,0.142,-0.130,0.165,-0.234,0.037,2.108,0.064,0.730,0.472,0.740,0.388,0.600,0.734,0.164,0.487,0.798,0.465,0.431,0.433,0.800,0.000,0.398,0.167,0.225,0.466,0.621,0.630,0.525,0.066,0.925,1.085,0.126,0.854,0.772,0.301,0.584,0.612,0.703,0.592,0.695,0.193,0.325,0.491,0.525,0.423,0.437,0.249,0.822,0.258,0.383,0.210,0.137,0.669,-0.102,0.331,0.386,0.106,-0.018,-0.006,0.510,0.539,0.065,0.902,0.201,0.160,0.179,0.185,0.194,0.302,0.326,0.476,1.326,0.546,0.758,1.165,0.019,0.902,0.284,0.506,0.697,0.456,0.282,0.222,0.922,0.830,-0.071
2011-11-16 09:00:00,0.571,0.181,1.567,1.088,0.883,0.118,0.379,0.161,0.150,0.144,0.515,0.059,0.178,-0.225,0.122,0.007,0.116,0.089,0.036,2.093,0.065,0.561,0.360,0.470,0.457,0.723,0.652,0.072,0.575,0.841,0.305,0.276,0.422,0.830,0.000,0.525,0.283,0.334,0.587,0.765,0.515,0.745,0.131,1.230,0.984,0.147,0.766,0.633,0.334,0.469,0.612,0.595,0.483,0.791,0.136,0.305,0.400,0.481,0.209,0.317,0.259,0.429,0.247,0.362,0.073,0.249,0.615,0.103,0.274,0.426,0.546,0.084,0.002,0.483,0.480,0.074,1.064,0.191,0.207,0.173,0.266,0.166,0.292,0.353,0.465,1.650,0.659,0.859,1.456,0.096,0.901,0.237,0.456,0.738,0.447,0.298,0.184,0.974,0.873,-0.244
2011-11-16 10:00:00,0.517,0.441,1.781,0.913,0.783,0.236,0.478,0.157,0.018,0.154,0.607,0.138,0.294,-0.210,0.208,0.226,0.095,0.372,0.031,2.251,0.035,0.766,0.205,0.409,0.081,0.818,0.410,0.122,0.856,0.778,0.350,0.183,0.483,0.729,0.000,0.706,0.374,0.453,0.520,0.833,0.421,1.028,0.288,1.531,0.897,0.164,0.598,0.551,0.315,0.395,0.554,0.455,0.433,0.578,0.120,0.252,0.288,0.217,0.099,0.342,0.215,0.085,0.299,0.441,0.091,0.220,0.534,0.617,0.248,0.304,0.766,0.234,-0.013,0.523,0.483,0.100,1.006,0.121,0.199,0.110,0.401,0.176,0.243,0.234,0.417,1.813,0.732,0.795,1.645,0.170,0.743,0.227,0.556,0.672,0.396,0.290,0.146,1.066,0.881,-0.166
2011-11-16 11:00:00,0.468,0.470,1.733,0.888,0.927,0.365,0.405,0.182,-0.034,0.194,0.524,0.186,0.232,-0.187,0.347,0.385,0.095,0.951,0.038,2.298,0.048,0.523,0.151,0.401,0.016,1.087,0.507,0.246,1.076,0.898,0.506,0.191,0.571,0.833,0.000,0.955,0.552,0.534,0.364,0.847,0.375,1.259,0.581,1.611,0.861,0.176,0.588,0.574,0.225,0.265,0.485,0.378,0.363,0.308,0.140,0.256,0.343,0.274,0.209,0.396,0.197,0.063,0.241,0.377,0.467,0.090,0.538,0.813,0.306,0.164,0.745,0.401,-0.022,0.572,0.476,0.079,0.901,0.159,0.238,0.077,0.494,0.174,0.227,0.297,0.436,1.901,0.762,0.829,1.827,0.234,0.720,0.232,0.510,0.636,0.326,0.299,0.182,1.066,0.705,0.065
2011-11-16 12:00:00,0.600,0.598,1.178,0.929,1.072,0.454,0.392,0.217,0.012,0.167,0.562,0.179,0.283,-0.227,0.460,0.637,0.097,1.038,0.029,2.413,0.034,0.818,0.141,0.516,-0.024,1.201,0.454,0.638,1.195,0.969,0.653,0.208,0.855,1.111,0.000,1.468,0.719,0.680,0.270,0.943,0.401,1.433,1.038,1.373,0.826,0.307,0.631,0.575,0.162,0.254,0.388,0.418,0.299,0.158,0.114,0.247,0.339,0.671,0.115,0.324,0.173,0.122,0.165,0.304,0.524,-0.000,0.569,1.001,0.420,0.410,0.789,0.666,-0.030,0.766,0.629,0.071,0.774,0.186,0.279,0.073,0.594,0.193,0.284,0.275,0.540,2.006,0.806,0.816,2.275,0.342,0.596,0.279,0.414,0.612,0.380,0.378,0.207,1.149,0.647,0.401
2011-11-16 13:00:00,0.931,0.712,1.128,0.643,1.218,0.557,0.545,0.288,0.390,0.273,0.702,0.275,0.454,-0.182,0.696,0.677,0.096,1.316,0.025,2.607,0.038,1.779,0.099,0.869,-0.033,1.411,0.659,0.947,1.296,1.127,0.761,0.385,0.998,1.192,0.000,1.775,0.767,0.736,0.193,0.863,0.732,1.487,1.377,1.082,0.736,0.675,0.683,0.629,0.182,0.217,0.336,0.514,0.343,0.156,0.122,0.252,0.354,0.657,-0.031,0.553,0.153,0.296,0.213,0.340,0.989,0.086,0.681,1.143,0.586,0.415,1.428,0.799,-0.037,1.056,0.600,0.111,0.786,0.183,0.312,0.113,0.657,0.202,0.355,0.300,0.593,1.875,0.902,0.844,2.390,0.417,0.733,0.356,0.517,0.657,0.438,0.453,0.234,1.244,0.619,0.799
2011-11-16 14:00:00,0.918,0.740,1.263,0.479,1.325,0.624,0.711,0.380,0.762,0.407,0.816,0.293,0.472,-0.090,0.808,0.739,0.093,1.404,0.028,2.794,0.050,1.747,0.263,1.029,0.192,1.574,0.998,1.229,1.380,1.233,0.820,0.446,1.198,1.229,0.000,1.970,0.858,0.739,0.281,0.968,1.228,1.585,1.558,0.979,0.695,0.906,0.762,0.661,0.203,0.201,0.246,0.562,0.333,0.175,0.144,0.323,0.374,0.389,0.013,0.430,0.175,0.346,0.180,0.387,1.281,0.165,0.667,0.862,0.763,0.683,1.422,0.917,-0.029,1.195,0.852,0.145,0.845,0.236,0.360,0.148,0.735,0.258,0.425,0.339,0.679,1.968,1.043,1.030,2.459,0.400,0.811,0.341,0.757,0.737,0.577,0.548,0.296,1.295,0.606,1.312
2011-11-16 15:00:00,1.095,0.954,1.358,0.600,1.498,0.586,0.861,0.489,0.810,0.675,0.846,0.361,0.356,-0.038,0.908,0.702,0.100,1.376,0.041,3.134,0.056,2.110,0.317,1.311,0.118,1.625,1.105,1.235,1.317,1.278,0.795,0.508,1.499,1.272,0.000,1.953,0.863,0.793,0.285,1.283,1.568,1.611,1.463,0.910,0.782,0.926,0.771,0.699,0.336,0.297,0.167,0.612,0.464,0.121,0.232,0.380,0.376,0.192,0.113,0.629,0.186,0.311,0.356,0.522,1.627,0.289,0.749,0.977,0.981,1.173,1.216,1.063,-0.037,1.306,0.990,0.183,0.943,0.257,0.381,0.359,0.775,0.327,0.580,0.480,0.791,2.132,1.205,1.202,2.537,0.321,0.941,0.348,0.822,0.706,0.697,0.727,0.284,1.272,0.855,1.369
2011-11-16 16:00:00,1.316,1.068,1.323,0.534,1.656,0.570,1.054,0.530,0.652,1.020,0.659,0.421,0.387,0.068,1.012,0.643,0.115,1.472,0.070,3.403,0.057,2.415,0.492,1.638,0.452,1.631,1.083,1.163,1.535,1.434,0.724,0.605,1.687,1.283,0.000,1.953,0.855,0.815,0.378,1.510,1.662,1.460,1.314,0.977,0.806,1.051,0.872,0.894,0.591,0.432,0.295,0.748,0.493,0.124,0.261,0.482,0.465,0.930,0.200,0.534,0.238,0.371,0.536,0.491,2.225,0.387,0.979,0.818,1.215,1.177,1.243,1.117,-0.016,1.461,1.105,0.175,1.064,0.367,0.409,0.534,0.612,0.381,0.829,0.530,0.880,2.268,1.249,1.402,2.538,0.255,1.179,0.324,0.876,0.670,0.791,0.895,0.309,1.194,1.124,1.688
2011-11-16 17:00:00,1.505,1.028,1.318,0.546,1.734,0.516,1.055,0.491,0.481,1.081,0.449,0.411,0.353,0.126,1.050,0.472,0.141,1.253,0.096,3.264,0.060,2.265,0.759,1.724,0.760,1.631,1.052,0.829,1.417,1.420,0.698,0.618,1.912,1.239,0.000,1.770,0.793,0.835,0.575,1.513,1.733,1.263,1.030,1.244,0.894,1.111,1.050,1.134,0.845,0.855,0.401,0.872,0.647,0.176,0.363,0.519,0.651,1.913,0.619,0.617,0.266,0.665,0.684,0.445,2.381,0.339,1.087,0.642,1.301,1.203,1.226,1.095,0.622,1.425,1.235,0.117,1.014,0.429,0.387,0.702,0.464,0.411,0.890,0.666,0.933,2.123,1.200,1.530,2.371,0.221,1.211,0.314,1.088,0.587,0.836,0.919,0.341,1.065,1.316,2.267
2011-11-16 18:00:00,1.701,0.830,1.130,0.563,1.796,0.458,1.010,0.473,0.429,1.056,0.326,0.369,0.439,0.186,0.943,0.307,0.172,0.962,0.155,3.325,0.070,1.863,0.990,1.696,1.345,1.627,0.894,0.619,1.534,1.347,0.674,0.576,1.933,1.095,0.000,1.528,0.694,0.859,0.682,1.327,1.721,0.984,0.846,1.432,1.023,1.086,1.132,1.277,0.931,1.120,0.558,0.995,0.658,0.333,0.348,0.587,0.745,2.081,1.115,0.787,0.280,1.047,0.722,0.478,2.099,0.445,1.107,0.509,1.274,1.215,1.020,0.925,0.633,1.345,1.110,0.205,0.991,0.454,0.353,0.776,0.376,0.463,0.820,0.709,0.946,1.845,1.167,1.433,2.295,0.195,1.397,0.238,1.213,0.521,0.770,0.926,0.317,0.985,1.355,1.892
2011-11-16 19:00:00,1.793,0.622,1.322,0.623,1.916,0.432,1.218,0.631,0.373,1.159,0.354,0.394,0.615,0.318,0.755,0.126,0.209,0.624,0.210,2.990,0.090,1.700,1.456,1.738,2.108,1.725,1.091,0.641,1.875,1.224,0.758,0.644,2.024,0.918,0.000,1.272,0.625,0.886,0.665,1.262,1.712,0.736,0.596,1.423,1.106,1.217,1.019,1.315,0.977,1.049,0.633,1.199,0.771,0.459,0.358,0.589,0.766,1.229,1.362,0.769,0.336,1.326,0.935,0.612,2.003,0.575,1.061,0.422,1.204,1.322,0.896,0.768,0.726,1.247,1.045,0.269,1.055,0.409,0.356,0.879,0.340,0.525,0.781,0.795,0.930,1.690,1.217,1.348,2.451,0.234,1.417,0.208,1.129,0.483,0.757,1.008,0.303,0.924,1.386,1.065
2011-11-16 20:00:00,1.233,0.414,1.247,0.602,1.621,0.242,0.875,0.586,0.702,0.819,0.210,0.427,0.303,0.250,0.261,0.087,0.203,0.066,0.187,2.363,0.104,1.107,1.432,1.119,2.455,0.999,0.668,0.561,1.490,0.866,0.649,0.434,1.915,0.748,0.000,1.091,0.516,0.842,0.669,1.032,1.652,0.575,0.361,1.129,1.202,1.233,0.885,1.151,1.107,0.971,0.675,1.328,0.761,0.564,0.355,0.540,0.716,0.976,1.419,0.598,0.386,1.385,0.896,0.871,1.193,0.526,0.663,0.301,0.948,1.231,0.548,0.568,0.751,1.106,0.945,0.272,0.992,0.408,0.349,0.804,0.296,0.541,0.691,0.760,0.905,1.444,1.221,1.168,2.421,0.304,1.357,0.154,0.933,0.437,0.716,1.035,0.265,0.819,1.375,0.536
2011-11-16 21:00:00,0.771,0.244,1.194,0.547,1.283,0.248,0.842,0.553,0.926,0.728,0.459,0.495,0.317,0.201,0.186,0.216,0.193,-0.187,0.182,1.976,0.115,0.981,1.358,0.768,2.146,1.048,0.400,0.803,1.224,0.707,0.472,0.355,1.736,0.581,0.000,0.977,0.398,0.745,0.767,0.784,1.489,0.547,0.119,1.048,1.184,1.173,0.716,1.043,1.218,0.947,0.687,1.326,0.720,0.591,0.347,0.468,0.588,1.010,1.349,0.399,0.419,1.035,0.561,1.009,0.708,0.584,0.365,0.420,0.797,1.079,0.369,0.469,0.754,0.848,1.068,0.223,1.132,0.419,0.308,0.712,0.278,0.526,0.567,0.718,0.778,1.222,1.220,1.033,2.282,0.373,1.233,0.108,0.811,0.421,0.640,0.929,0.167,0.719,1.234,0.220
2011-11-16 22:00:00,0.514,0.270,1.041,0.451,1.233,0.089,0.575,0.405,0.696,0.683,0.139,0.492,0.260,0.165,0.050,0.199,0.194,-0.190,0.178,1.507,0.095,0.808,0.908,0.320,1.517,1.184,0.368,0.785,1.144,0.675,0.296,0.188,1.543,0.392,0.000,0.641,0.373,0.619,0.698,0.615,1.047,0.542,-0.019,0.895,1.121,1.012,0.498,0.941,1.090,0.724,0.728,1.170,0.499,0.541,0.256,0.318,0.394,0.869,0.921,0.281,0.373,0.610,0.274,0.931,0.472,0.235,0.319,0.503,0.606,0.691,0.405,0.345,0.783,0.725,0.893,0.296,0.790,0.284,0.299,0.564,0.339,0.534,0.393,0.623,0.632,0.959,1.118,0.882,2.206,0.364,1.159,0.087,0.702,0.362,0.430,0.792,0.122,0.656,1.084,-0.028
2011-11-16 23:00:00,0.356,0.124,0.860,0.316,0.917,0.089,0.535,0.295,0.380,0.634,-0.022,0.433,0.189,0.142,0.080,0.210,0.203,-0.222,0.172,1.354,0.078,0.259,0.585,0.158,0.890,1.195,0.428,0.358,0.955,0.672,0.254,0.178,1.409,0.260,0.000,0.449,0.328,0.519,0.555,0.559,0.619,0.532,0.029,0.652,1.034,0.691,0.348,0.793,0.824,0.449,0.608,1.050,0.351,0.381,0.234,0.177,0.267,0.510,0.334,0.274,0.301,0.407,0.269,0.749,0.321,0.013,0.187,0.529,0.462,0.139,0.219,0.314,0.797,0.662,0.778,0.450,0.626,0.153,0.263,0.418,0.337,0.504,0.205,0.510,0.543,0.781,0.909,0.681,1.901,0.358,1.170,0.115,0.539,0.266,0.298,0.696,0.073,0.567,0.939,-0.192
2011-11-17 00:00:00,0.080,-0.168,0.503,0.237,0.493,0.073,0.168,0.151,0.331,0.341,-0.123,0.428,0.036,-0.035,-0.093,0.200,0.194,-0.254,0.163,1.119,0.066,-0.111,-0.011,0.002,0.173,0.718,0.393,0.108,0.700,0.546,0.228,0.117,1.220,0.202,0.000,0.394,0.272,0.422,0.424,0.426,0.359,0.536,0.119,0.488,1.005,0.538,0.252,0.680,0.542,0.263,0.483,0.981,0.260,0.214,0.232,0.129,0.220,0.534,0.015,0.271,0.250,0.396,0.254,0.464,0.112,-0.102,0.213,0.440,0.259,-0.114,0.043,0.200,0.799,0.617,0.406,0.347,0.383,0.066,0.227,0.261,0.297,0.455,0.167,0.387,0.425,0.487,0.745,0.510,1.978,0.347,0.834,0.143,0.370,0.210,0.226,0.567,0.085,0.549,0.752,-0.202
2011-11-17 01:00:00,-0.105,-0.099,0.344,0.283,0.497,0.043,0.102,0.128,0.327,0.109,-0.125,0.352,-0.056,-0.095,-0.072,0.244,0.181,-0.398,0.157,1.011,0.046,0.183,-0.168,0.101,-0.558,0.809,0.249,-0.074,0.328,0.566,0.286,0.055,1.076,0.199,0.000,0.378,0.253,0.359,0.384,0.319,0.267,0.529,0.316,0.366,0.956,0.426,0.167,0.591,0.409,0.161,0.368,0.892,0.263,0.073,0.232,0.078,0.167,0.548,-0.031,0.164,0.206,0.387,0.192,0.523,0.028,-0.314,0.204,0.259,0.088,-0.215,-0.275,0.080,0.828,0.593,0.272,0.248,0.385,0.075,0.218,0.121,0.333,0.395,0.241,0.402,0.341,0.232,0.614,0.402,1.640,0.312,0.708,0.141,0.338,0.196,0.218,0.470,0.095,0.615,0.539,-0.254
2011-11-17 02:00:00,0.081,-0.121,0.469,0.267,0.744,0.080,0.077,0.129,0.332,0.156,-0.172,0.317,-0.145,-0.108,0.040,0.045,0.183,-0.189,0.156,1.230,0.046,0.322,-0.233,0.215,-0.605,0.685,0.689,-0.062,-0.213,0.634,0.221,0.130,0.923,0.277,0.000,0.149,0.247,0.280,0.383,0.440,0.365,0.518,0.301,0.322,0.920,0.370,0.190,0.563,0.370,0.085,0.369,0.856,0.201,0.040,0.229,0.071,0.109,0.624,-0.093,0.002,0.175,0.339,0.296,0.276,-0.005,-0.235,0.368,0.292,0.106,-0.133,-0.167,0.058,0.816,0.604,0.451,0.211,0.391,0.113,0.236,0.047,0.394,0.362,0.252,0.427,0.338,0.237,0.600,0.430,1.480,0.254,0.687,0.180,0.134,0.234,0.235,0.467,0.116,0.646,0.287,-0.009
2011-11-17 03:00:00,0.158,0.053,0.535,0.186,0.496,-0.102,0.118,0.108,0.200,0.320,-0.205,0.286,-0.102,-0.092,0.119,0.051,0.184,-0.205,0.143,1.354,0.035,0.464,-0.085,0.404,-0.457,0.418,0.852,0.154,-0.032,0.740,0.199,0.177,0.724,0.293,0.000,0.001,0.235,0.218,0.296,0.533,0.400,0.481,0.077,0.130,0.958,0.273,0.285,0.651,0.285,0.169,0.270,0.783,0.178,0.025,0.259,0.067,0.082,0.501,-0.019,0.047,0.152,0.266,0.207,0.136,-0.058,-0.099,0.408,0.036,0.114,-0.004,-0.110,-0.052,0.797,0.604,0.661,0.195,0.489,0.134,0.240,0.055,0.333,0.313,0.298,0.447,0.310,0.351,0.532,0.510,1.306,0.203,0.668,0.187,0.058,0.244,0.255,0.407,0.118,0.570,0.155,0.782
2011-11-17 04:00:00,0.163,0.152,0.544,0.284,0.467,-0.049,-0.030,0.069,-0.031,0.271,-0.126,0.229,-0.123,-0.140,0.022,0.066,0.178,-0.353,0.134,1.535,0.037,0.578,-0.071,0.562,-0.521,0.112,0.833,-0.241,-0.375,0.778,0.079,0.166,0.698,0.389,0.000,0.002,0.150,0.186,0.370,0.638,0.414,0.443,-0.099,0.077,0.956,0.088,0.385,0.705,0.331,0.102,0.256,0.657,0.141,0.103,0.327,0.144,0.194,0.735,0.173,0.128,0.110,0.299,0.305,0.163,0.140,-0.197,0.462,-0.056,0.059,-0.037,-0.184,0.051,0.806,0.612,0.589,0.297,0.523,0.141,0.211,0.078,0.267,0.279,0.461,0.448,0.350,0.454,0.453,0.599,1.251,0.108,0.726,0.178,0.225,0.212,0.290,0.357,0.149,0.587,0.099,1.167
2011-11-17 05:00:00,0.211,0.031,0.469,0.313,0.384,0.187,0.011,0.021,-0.327,0.108,-0.059,0.115,-0.061,-0.135,0.034,0.018,0.187,-0.364,0.116,1.749,0.023,0.293,0.040,0.589,-0.631,0.100,0.534,-0.186,-0.405,0.850,0.018,0.180,0.712,0.428,0.000,0.069,0.186,0.135,0.361,0.711,0.384,0.397,-0.065,0.176,1.012,0.014,0.486,0.702,0.327,0.140,0.306,0.530,0.208,0.086,0.358,0.179,0.243,1.069,0.240,0.204,0.119,0.473,0.533,0.193,0.331,-0.180,0.583,-0.141,0.064,0.008,-0.327,-0.004,0.757,0.573,0.561,0.308,0.764,0.142,0.192,0.121,0.187,0.268,0.556,0.450,0.337,0.578,0.464,0.622,1.122,0.020,0.754,0.217,0.281,0.241,0.336,0.320,0.199,0.570,0.178,0.784
2011-11-17 06:00:00,0.367,-0.191,0.750,0.374,0.664,0.102,-0.011,-0.011,-0.459,0.206,-0.149,0.025,0.110,-0.184,0.052,-0.112,0.209,-0.229,0.113,2.030,0.039,0.196,0.333,0.713,-0.442,0.533,0.777,-0.168,0.026,0.865,0.263,0.264,0.783,0.464,0.000,0.194,0.193,0.095,0.441,0.689,0.463,0.235,-0.083,0.328,1.035,0.019,0.643,0.825,0.302,0.196,0.474,0.558,0.472,0.217,0.339,0.335,0.436,1.100,0.335,0.265,0.154,0.767,0.970,0.291,0.613,-0.160,0.815,-0.273,0.075,0.224,-0.124,-0.005,0.772,0.470,0.538,0.217,0.954,0.193,0.206,0.136,0.108,0.239,0.506,0.453,0.384,0.863,0.490,0.629,1.131,-0.042,0.747,0.283,0.373,0.346,0.363,0.322,0.287,0.566,0.358,0.466
2011-11-17 07:00:00,0.403,0.092,1.181,0.553,0.671,0.134,0.021,0.023,-0.234,0.063,0.127,-0.097,0.171,-0.201,-0.017,-0.067,0.202,-0.343,0.065,2.154,0.035,0.348,0.547,0.842,0.135,0.352,0.655,-0.303,0.320,0.791,0.382,0.307,0.601,0.521,0.000,0.335,0.174,0.179,0.362,0.479,0.499,0.248,0.031,0.512,1.070,0.080,0.736,0.873,0.284,0.441,0.562,0.639,0.755,0.378,0.240,0.328,0.510,0.950,0.444,0.253,0.206,0.840,0.616,0.410,0.528,-0.085,0.774,-0.272,0.205,0.216,0.001,0.052,0.060,0.546,0.468,0.240,0.984,0.213,0.185,0.168,0.143,0.220,0.520,0.455,0.462,0.939,0.493,0.576,1.072,-0.027,0.719,0.274,0.472,0.474,0.457,0.332,0.231,0.683,0.453,0.424
2011-11-17 08:00:00,0.435,0.020,1.570,0.655,0.430,0.723,-0.021,0.065,0.017,-0.047,0.433,-0.012,0.116,-0.258,-0.049,-0.058,0.137,-0.204,0.037,1.844,0.041,0.235,0.302,0.684,0.215,0.289,0.611,-0.158,0.374,0.627,0.371,0.326,0.391,0.659,0.000,0.500,0.217,0.227,0.331,0.444,0.476,0.373,0.061,0.814,1.062,0.127,0.768,0.690,0.277,0.531,0.644,0.676,0.723,0.631,0.168,0.284,0.553,0.729,0.323,0.363,0.250,0.691,0.325,0.401,0.107,0.046,0.662,-0.274,0.220,0.169,0.199,0.045,0.038,0.545,0.566,0.334,0.905,0.199,0.211,0.183,0.182,0.190,0.457,0.438,0.486,1.206,0.514,0.567,1.068,0.033,0.670,0.240,0.572,0.631,0.472,0.275,0.197,0.831,0.638,0.110
2011-11-17 09:00:00,0.278,0.109,1.729,0.656,0.568,0.442,0.240,0.138,0.184,0.000,0.644,0.120,0.320,-0.210,0.045,0.210,0.111,0.111,0.044,2.205,0.046,0.778,0.412,0.700,0.265,0.653,0.511,-0.150,0.892,0.777,0.364,0.325,0.422,0.726,0.000,0.723,0.325,0.339,0.379,0.580,0.421,0.555,0.224,1.211,1.012,0.148,0.687,0.618,0.300,0.529,0.641,0.605,0.518,0.705,0.109,0.264,0.500,0.560,0.139,0.320,0.240,0.394,0.216,0.654,0.168,0.289,0.568,0.134,0.242,0.455,0.286,0.154,0.049,0.514,0.522,0.353,0.875,0.177,0.209,0.188,0.273,0.200,0.373,0.466,0.504,1.597,0.585,0.550,1.274,0.083,0.715,0.227,0.547,0.733,0.458,0.267,0.175,0.912,0.654,-0.107
2011-11-17 10:00:00,0.409,0.347,1.654,0.655,0.589,0.521,0.047,0.107,-0.076,0.070,0.420,0.084,0.169,-0.238,0.028,0.266,0.093,0.505,0.034,2.054,0.049,0.496,0.134,0.383,0.212,0.319,0.471,-0.120,0.666,0.663,0.406,0.222,0.558,0.690,0.000,0.895,0.476,0.466,0.332,0.573,0.448,0.830,0.418,1.527,0.934,0.153,0.573,0.562,0.289,0.503,0.574,0.492,0.326,0.551,0.069,0.260,0.470,0.400,-0.066,0.273,0.221,0.085,0.320,0.484,0.217,0.015,0.573,0.513,0.185,0.249,0.391,0.242,0.026,0.550,0.678,0.255,0.830,0.160,0.195,0.151,0.375,0.206,0.368,0.398,0.552,1.864,0.611,0.587,1.553,0.129,0.721,0.238,0.546,0.740,0.453,0.315,0.196,0.946,0.721,0.011
2011-11-17 11:00:00,0.421,0.495,1.665,0.824,0.458,1.058,0.057,0.131,0.048,0.176,0.505,0.189,0.261,-0.248,0.209,0.630,0.090,0.865,0.025,2.287,0.053,0.544,0.069,0.424,0.403,0.508,0.317,0.103,1.174,0.752,0.561,0.293,0.639,0.727,0.000,1.177,0.550,0.593,0.273,0.667,0.336,1.004,0.619,1.488,0.848,0.158,0.589,0.522,0.235,0.346,0.494,0.446,0.336,0.314,0.103,0.246,0.494,0.504,-0.099,0.218,0.184,0.070,0.222,0.564,0.211,0.162,0.517,0.783,0.365,0.090,0.537,0.385,0.020,0.652,0.559,0.104,0.741,0.151,0.240,0.048,0.496,0.201,0.351,0.357,0.580,1.827,0.621,0.531,1.524,0.192,0.659,0.244,0.599,0.646,0.419,0.298,0.173,1.040,0.541,0.097
2011-11-17 12:00:00,0.733,0.743,1.287,0.713,0.651,0.940,0.200,0.217,0.045,0.161,0.765,0.216,0.399,-0.211,0.418,0.724,0.074,1.265,0.026,2.478,0.060,1.063,0.065,0.762,0.198,1.008,0.441,0.343,1.324,0.982,0.664,0.339,0.888,0.885,0.000,1.517,0.700,0.773,0.301,0.821,0.493,1.282,1.025,1.297,0.820,0.268,0.653,0.532,0.190,0.237,0.444,0.470,0.348,0.181,0.085,0.245,0.592,0.624,-0.201,0.346,0.199,0.176,0.255,0.334,0.658,-0.041,0.678,1.003,0.497,0.372,0.711,0.583,0.018,0.800,0.620,0.067,0.747,0.183,0.202,0.024,0.593,0.222,0.455,0.265,0.675,2.049,0.688,0.583,1.761,0.256,0.695,0.264,0.581,0.637,0.470,0.364,0.239,1.083,0.574,0.321
2011-11-17 13:00:00,0.884,0.673,1.131,0.596,0.999,0.857,0.454,0.334,0.306,0.134,0.699,0.292,0.500,-0.107,0.614,0.765,0.081,1.401,0.029,2.793,0.051,1.659,0.146,0.950,0.429,1.207,0.721,0.673,1.512,1.050,0.814,0.421,0.981,1.070,0.000,1.862,0.778,0.959,0.288,0.848,0.751,1.324,1.281,1.052,0.771,0.593,0.732,0.571,0.192,0.254,0.362,0.519,0.365,0.149,0.099,0.280,0.510,0.632,-0.120,0.351,0.205,0.220,0.190,0.268,0.872,0.024,0.915,1.048,0.610,0.471,0.639,0.791,0.002,0.930,0.551,0.080,0.826,0.185,0.316,0.051,0.690,0.223,0.558,0.299,0.707,2.060,0.742,0.662,1.946,0.301,0.736,0.289,0.611,0.719,0.523,0.480,0.305,1.172,0.536,0.749
2011-11-17 14:00:00,0.866,0.677,1.251,0.605,0.873,0.865,0.533,0.417,0.749,0.439,0.757,0.318,0.437,-0.099,0.710,0.730,0.084,1.662,0.044,2.830,0.073,1.941,0.191,1.117,0.323,1.349,0.938,1.053,1.311,1.132,0.945,0.530,1.092,1.075,0.000,1.904,0.777,1.060,0.305,0.815,1.084,1.376,1.359,0.828,0.734,0.754,0.759,0.643,0.196,0.240,0.302,0.578,0.386,0.199,0.145,0.331,0.538,0.473,0.006,0.278,0.196,0.299,0.233,0.422,0.922,0.139,0.887,1.021,0.780,0.746,0.842,0.996,0.015,1.099,0.704,0.109,0.845,0.214,0.315,0.081,0.731,0.229,0.496,0.304,0.700,2.014,0.779,0.791,1.924,0.366,0.799,0.338,0.647,0.711,0.632,0.535,0.415,1.264,0.543,1.174
2011-11-17 15:00:00,1.033,1.072,1.345,0.778,1.174,0.912,0.625,0.502,0.709,0.764,0.892,0.342,0.459,-0.027,0.769,0.877,0.084,1.626,0.038,3.342,0.063,2.275,0.433,1.377,0.655,1.618,1.099,1.064,1.605,1.279,0.876,0.563,1.324,1.075,0.000,1.879,0.759,1.019,0.310,0.993,1.532,1.432,1.350,0.726,0.829,0.798,0.838,0.724,0.251,0.343,0.220,0.653,0.383,0.155,0.212,0.366,0.548,0.702,0.118,0.401,0.206,0.320,0.368,0.446,1.369,0.272,1.062,0.884,1.185,1.178,0.937,1.041,0.007,1.216,0.842,0.117,0.930,0.260,0.360,0.212,0.719,0.276,0.527,0.399,0.841,2.165,0.891,0.930,1.828,0.366,0.996,0.344,0.692,0.646,0.770,0.638,0.436,1.271,0.757,1.297
2011-11-17 16:00:00,1.512,1.315,1.456,0.765,1.333,0.585,1.009,0.553,0.550,0.958,0.773,0.427,0.420,0.118,0.914,0.573,0.105,1.782,0.056,3.373,0.063,2.660,0.475,1.672,0.715,1.538,1.023,1.055,1.563,1.424,0.770,0.675,1.576,1.181,0.000,1.782,0.782,0.936,0.375,1.340,1.773,1.393,1.242,0.769,0.926,0.861,0.955,0.865,0.482,0.526,0.320,0.761,0.496,0.120,0.284,0.440,0.546,1.067,0.181,0.217,0.217,0.397,0.560,0.498,1.821,0.308,1.158,0.859,1.451,1.195,0.947,1.126,0.007,1.284,0.924,0.121,1.069,0.318,0.359,0.451,0.635,0.341,0.691,0.460,0.950,2.246,0.977,1.142,1.807,0.298,1.190,0.352,0.720,0.629,0.939,0.787,0.409,1.214,1.119,1.572
2011-11-17 17:00:00,1.504,0.844,1.187,0.953,1.463,0.518,1.108,0.546,0.436,1.142,0.459,0.489,0.460,0.217,0.988,0.452,0.158,1.479,0.117,3.633,0.077,2.105,0.774,1.655,1.220,1.657,1.226,0.831,1.995,1.566,0.632,0.677,1.875,1.155,0.000,1.590,0.715,0.935,0.499,1.430,1.891,1.184,1.057,0.994,0.892,1.050,1.122,1.029,0.768,1.028,0.442,0.885,0.688,0.176,0.353,0.502,0.653,1.336,0.420,0.455,0.219,0.708,0.648,0.549,2.488,0.510,1.144,0.609,1.556,1.285,0.801,1.078,0.651,1.361,1.087,0.130,1.157,0.364,0.378,0.679,0.487,0.385,0.827,0.560,1.068,2.255,0.998,1.277,1.729,0.245,1.260,0.393,0.901,0.634,0.996,0.894,0.346,1.115,1.420,2.191
2011-11-17 18:00:00,1.396,0.764,1.008,1.115,1.313,0.526,0.923,0.494,0.304,1.063,0.297,0.384,0.417,0.179,0.663,0.285,0.195,0.775,0.134,3.141,0.077,1.819,0.873,1.524,1.361,1.326,0.793,0.560,1.754,1.367,0.600,0.555,2.089,1.059,0.000,1.439,0.611,0.919,0.611,1.254,1.944,0.957,0.895,1.077,1.017,1.195,1.145,1.274,0.980,1.153,0.589,0.998,0.880,0.316,0.316,0.560,0.667,1.402,0.647,0.594,0.250,0.955,0.735,0.411,2.308,0.262,0.944,0.536,1.375,1.358,0.568,0.958,0.671,1.293,1.071,0.134,1.120,0.391,0.365,0.815,0.362,0.427,0.779,0.553,1.018,2.020,1.046,1.250,1.764,0.218,1.376,0.335,0.998,0.569,0.982,0.860,0.347,0.885,1.596,1.821
2011-11-17 19:00:00,1.417,0.606,1.199,0.970,1.466,0.295,1.053,0.566,0.430,1.017,0.311,0.376,0.486,0.281,0.513,0.161,0.198,0.542,0.157,2.909,0.100,1.283,1.214,1.555,2.102,1.629,0.937,0.418,1.957,1.273,0.521,0.659,2.313,1.020,0.000,1.289,0.563,0.936,0.648,1.168,1.931,0.832,0.658,0.996,1.118,1.305,1.086,1.278,1.088,1.159,0.678,1.222,1.020,0.494,0.362,0.616,0.697,1.223,0.835,0.734,0.312,1.199,0.853,0.658,2.225,0.446,0.707,0.401,1.385,1.253,0.520,0.818,0.758,1.199,1.023,0.131,1.029,0.447,0.372,0.922,0.323,0.484,0.701,0.603,0.947,1.670,1.113,1.239,1.799,0.221,1.343,0.197,0.991,0.505,0.882,0.925,0.340,0.734,1.576,1.038
2011-11-17 20:00:00,1.148,0.297,1.083,0.732,1.280,0.144,0.933,0.569,0.570,0.811,0.287,0.413,0.335,0.227,0.192,-0.005,0.200,0.078,0.175,2.372,0.100,0.913,1.094,1.129,2.407,1.441,0.666,0.640,1.863,0.974,0.410,0.475,2.284,0.856,0.000,1.007,0.450,0.888,0.687,1.058,1.747,0.674,0.428,0.886,1.170,1.355,0.893,1.042,1.207,1.139,0.737,1.376,0.957,0.661,0.339,0.596,0.666,1.195,0.898,0.613,0.423,1.211,0.802,0.834,1.322,0.443,0.473,0.357,1.040,1.172,0.459,0.574,0.800,1.103,0.939,0.205,0.934,0.424,0.347,0.956,0.294,0.517,0.625,0.561,0.871,1.440,1.131,1.194,1.742,0.257,1.248,0.150,0.980,0.456,0.744,1.016,0.287,0.680,1.548,0.732
2011-11-17 21:00:00,0.697,0.144,0.989,0.665,0.985,0.172,0.750,0.496,0.759,0.694,0.227,0.464,0.256,0.162,-0.023,0.063,0.187,-0.172,0.179,1.824,0.099,1.034,1.009,0.788,2.113,0.924,0.254,0.608,1.562,0.814,0.261,0.377,2.082,0.607,0.000,0.814,0.370,0.770,0.754,0.788,1.483,0.539,0.176,0.965,1.127,1.375,0.731,0.972,1.273,1.065,0.720,1.347,0.773,0.680,0.324,0.454,0.458,0.955,0.914,0.474,0.440,0.920,0.505,0.857,0.689,0.422,0.188,0.452,0.705,0.965,0.334,0.382,0.799,0.963,0.873,0.186,0.686,0.417,0.355,0.742,0.252,0.522,0.512,0.509,0.681,1.246,1.106,1.036,1.644,0.321,1.172,0.121,0.881,0.352,0.592,0.908,0.220,0.484,1.349,0.256
2011-11-17 22:00:00,0.388,0.080,0.978,0.441,0.808,0.062,0.430,0.337,0.567,0.576,0.157,0.402,0.172,0.105,-0.223,0.067,0.177,-0.232,0.174,1.482,0.088,0.302,0.681,0.258,1.557,0.858,0.203,0.393,1.109,0.639,0.212,0.242,1.760,0.392,0.000,0.564,0.308,0.638,0.698,0.593,1.009,0.645,0.007,0.911,1.119,1.215,0.560,0.901,1.106,0.816,0.738,1.249,0.555,0.592,0.282,0.282,0.245,0.714,0.829,0.427,0.401,0.674,0.351,0.864,0.452,0.156,-0.011,0.448,0.454,0.631,0.153,0.260,0.806,0.811,0.808,0.244,0.500,0.287,0.266,0.546,0.243,0.501,0.471,0.423,0.529,0.822,1.024,0.845,1.521,0.322,0.979,0.096,0.773,0.227,0.419,0.755,0.171,0.420,1.054,-0.035
2011-11-17 23:00:00,0.313,-0.008,1.025,0.223,0.790,-0.017,0.269,0.230,0.240,0.506,-0.125,0.379,0.116,0.064,-0.229,-0.016,0.194,-0.337,0.171,1.444,0.075,-0.072,0.431,0.049,0.924,0.964,0.252,0.105,1.247,0.575,0.280,0.120,1.415,0.270,0.000,0.476,0.283,0.510,0.547,0.554,0.582,0.560,0.045,0.638,1.143,0.921,0.421,0.736,0.778,0.508,0.622,1.105,0.444,0.398,0.225,0.153,0.211,0.730,0.447,0.238,0.299,0.455,0.275,0.589,0.310,-0.043,-0.017,0.513,0.336,0.215,-0.015,0.143,0.825,0.692,0.812,0.337,0.362,0.147,0.268,0.373,0.248,0.458,0.355,0.366,0.419,0.754,0.876,0.625,1.404,0.315,0.903,0.097,0.648,0.143,0.301,0.643,0.125,0.357,0.872,-0.160
2011-11-18 00:00:00,0.253,-0.059,0.465,0.144,0.623,0.056,0.252,0.188,0.201,0.350,-0.228,0.368,0.015,-0.016,-0.242,-0.033,0.215,-0.367,0.164,1.268,0.064,0.069,0.231,0.135,0.434,0.677,0.239,-0.120,0.995,0.559,0.280,0.050,1.148,0.172,0.000,0.285,0.244,0.371,0.372,0.472,0.310,0.522,0.042,0.410,0.964,0.867,0.267,0.599,0.514,0.283,0.459,0.999,0.427,0.198,0.237,0.079,0.101,0.717,0.290,0.236,0.233,0.440,0.279,0.454,0.329,-0.219,0.068,0.484,0.251,0.014,-0.037,0.033,0.828,0.600,0.513,0.307,0.220,0.119,0.199,0.229,0.263,0.412,0.323,0.279,0.338,0.593,0.746,0.494,1.306,0.291,0.770,0.139,0.514,0.124,0.213,0.566,0.112,0.353,0.668,-0.248
2011-11-18 01:00:00,0.102,-0.247,0.354,0.194,0.427,0.062,0.114,0.161,0.348,0.140,-0.166,0.367,-0.056,-0.063,-0.229,-0.001,0.211,-0.429,0.157,1.218,0.055,-0.009,0.060,0.109,0.113,0.408,0.337,-0.158,0.685,0.461,0.259,0.074,1.032,0.189,0.000,0.203,0.226,0.331,0.307,0.370,0.300,0.571,0.151,0.285,0.929,0.762,0.204,0.540,0.396,0.107,0.411,0.912,0.332,0.086,0.239,0.061,0.047,0.644,0.099,0.138,0.209,0.447,0.229,0.350,0.053,-0.168,0.084,0.283,0.067,-0.136,-0.131,0.053,0.870,0.550,0.452,0.248,0.220,0.109,0.194,0.156,0.316,0.343,0.295,0.304,0.314,0.155,0.626,0.431,1.153,0.261,0.714,0.115,0.326,0.130,0.211,0.492,0.110,0.405,0.494,-0.233
2011-11-18 02:00:00,-0.027,-0.200,0.297,0.214,0.465,-0.027,-0.019,0.153,0.334,0.132,-0.106,0.317,-0.119,-0.114,-0.292,0.022,0.193,-0.342,0.166,1.183,0.059,0.020,-0.016,0.039,-0.295,0.366,0.489,-0.104,0.251,0.513,0.263,0.047,0.906,0.252,0.000,0.178,0.198,0.323,0.259,0.432,0.270,0.585,0.105,0.202,0.891,0.603,0.199,0.526,0.379,0.081,0.294,0.839,0.319,0.079,0.259,0.052,0.036,0.583,-0.012,0.113,0.199,0.418,0.282,0.196,-0.155,-0.165,0.042,0.231,-0.022,-0.141,-0.246,0.036,0.852,0.550,0.474,0.172,0.342,0.145,0.233,0.102,0.363,0.314,0.266,0.260,0.350,0.148,0.556,0.440,0.975,0.215,0.708,0.142,0.279,0.192,0.179,0.477,0.111,0.467,0.438,0.038
2011-11-18 03:00:00,0.179,0.037,0.255,0.231,0.486,-0.073,0.029,0.129,0.155,0.253,-0.106,0.242,-0.055,-0.127,-0.220,0.078,0.175,-0.419,0.150,1.346,0.038,0.370,0.060,0.125,-0.328,0.310,0.714,-0.022,0.124,0.547,0.279,0.056,0.773,0.198,0.000,0.024,0.174,0.261,0.247,0.470,0.197,0.536,0.016,0.035,0.938,0.392,0.304,0.584,0.299,0.093,0.248,0.765,0.236,0.071,0.253,0.029,0.088,0.716,-0.044,0.043,0.161,0.256,0.239,0.172,-0.133,-0.186,0.127,0.227,0.001,0.043,-0.218,-0.004,0.810,0.538,0.624,0.191,0.432,0.127,0.184,0.051,0.335,0.292,0.360,0.275,0.291,0.284,0.501,0.475,0.798,0.171,0.830,0.157,0.281,0.243,0.223,0.401,0.107,0.473,0.260,0.756
2011-11-18 04:00:00,0.173,0.059,0.409,0.350,0.184,-0.068,-0.170,0.022,0.052,0.290,-0.241,0.222,-0.108,-0.184,-0.227,0.070,0.170,-0.369,0.126,1.401,0.028,0.418,-0.134,0.116,-0.558,-0.048,0.644,-0.121,-0.033,0.496,0.231,0.086,0.722,0.247,0.000,-0.106,0.145,0.176,0.270,0.474,0.213,0.437,-0.107,-0.028,1.028,0.189,0.398,0.618,0.258,0.051,0.258,0.596,0.222,0.083,0.298,0.083,0.195,0.664,0.178,0.080,0.120,0.214,0.270,0.092,-0.087,-0.256,0.150,0.018,-0.091,-0.109,-0.258,-0.040,0.871,0.567,0.591,0.296,0.523,0.148,0.173,0.068,0.247,0.248,0.396,0.234,0.381,0.355,0.421,0.570,0.671,0.114,1.020,0.173,0.310,0.271,0.228,0.320,0.113,0.404,0.229,1.039
2011-11-18 05:00:00,0.190,-0.051,0.483,0.411,0.318,0.027,-0.131,-0.011,-0.194,0.238,-0.051,0.091,0.007,-0.182,-0.150,0.086,0.183,-0.368,0.122,1.723,0.031,0.085,0.019,0.347,-0.690,0.310,0.667,-0.307,0.030,0.654,0.338,0.181,0.757,0.342,0.000,0.061,0.097,0.127,0.343,0.562,0.284,0.439,-0.094,0.098,0.935,0.010,0.480,0.672,0.252,0.131,0.324,0.461,0.320,0.082,0.372,0.168,0.350,0.987,0.563,0.251,0.096,0.385,0.506,0.114,0.370,-0.203,0.327,-0.145,0.030,-0.068,-0.267,-0.072,0.789,0.497,0.417,0.289,0.662,0.135,0.150,0.093,0.194,0.232,0.407,0.302,0.455,0.756,0.381,0.619,0.643,0.057,0.941,0.186,0.378,0.291,0.314,0.328,0.147,0.481,0.218,0.530
2011-11-18 06:00:00,0.438,-0.035,0.560,0.529,0.500,-0.141,-0.221,-0.055,-0.482,0.041,-0.105,0.002,0.018,-0.232,-0.181,-0.075,0.181,-0.399,0.101,1.914,0.024,0.094,0.032,0.461,-0.628,0.390,0.671,-0.278,0.148,0.684,0.570,0.181,0.533,0.415,0.000,0.281,0.093,0.100,0.362,0.524,0.332,0.303,-0.042,0.336,1.044,-0.046,0.597,0.762,0.271,0.263,0.414,0.585,0.542,0.194,0.341,0.318,0.546,1.143,1.091,0.295,0.129,0.684,0.703,0.225,0.487,-0.333,0.562,-0.157,0.097,-0.009,-0.129,-0.082,0.775,0.466,0.288,0.184,0.761,0.200,0.133,0.065,0.137,0.207,0.429,0.211,0.488,1.076,0.370,0.593,0.620,-0.009,0.857,0.277,0.409,0.330,0.370,0.312,0.186,0.541,0.285,0.333
2011-11-18 07:00:00,0.569,-0.070,1.026,0.775,0.651,0.035,0.122,0.091,-0.189,0.202,0.093,0.012,0.130,-0.168,-0.046,-0.071,0.166,-0.291,0.071,2.261,0.049,0.471,0.402,0.796,-0.029,0.550,0.794,-0.251,0.610,0.827,0.626,0.372,0.521,0.552,0.000,0.309,0.092,0.166,0.344,0.423,0.520,0.365,-0.047,0.545,0.990,0.028,0.725,0.809,0.322,0.488,0.539,0.616,0.736,0.472,0.232,0.341,0.759,0.946,1.494,0.420,0.184,1.014,0.515,0.276,0.614,-0.010,0.672,-0.182,0.301,0.216,0.015,-0.079,0.084,0.519,0.201,0.203,0.836,0.257,0.167,0.101,0.153,0.195,0.435,0.335,0.546,1.463,0.430,0.546,0.799,-0.036,0.923,0.224,0.449,0.443,0.428,0.286,0.252,0.400,0.355,0.320
2011-11-18 08:00:00,0.485,-0.011,1.441,0.859,0.473,0.002,-0.062,0.078,0.147,0.111,0.295,0.055,0.065,-0.273,-0.221,0.041,0.134,-0.266,0.046,1.901,0.063,0.321,0.223,0.512,0.274,0.094,0.575,-0.266,0.457,0.782,0.561,0.302,0.393,0.575,0.000,0.375,0.067,0.237,0.365,0.350,0.617,0.493,-0.091,0.727,1.049,0.095,0.628,0.633,0.240,0.537,0.657,0.612,0.550,0.680,0.134,0.287,0.684,0.729,1.274,0.285,0.234,0.856,0.264,0.289,0.102,0.094,0.549,-0.108,0.377,0.297,0.201,-0.049,0.040,0.539,0.496,0.359,0.855,0.217,0.160,0.147,0.214,0.172,0.391,0.282,0.515,1.796,0.442,0.489,0.870,-0.030,0.970,0.184,0.479,0.586,0.436,0.219,0.191,0.506,0.458,0.066
2011-11-18 09:00:00,0.389,0.142,1.664,0.666,0.486,0.025,0.133,0.127,0.106,0.101,0.520,0.121,0.202,-0.249,-0.121,0.254,0.091,-0.076,0.043,2.062,0.054,0.574,0.200,0.372,0.076,0.118,0.227,-0.133,0.503,0.923,0.432,0.251,0.369,0.615,0.000,0.338,0.122,0.334,0.403,0.433,0.586,0.641,-0.004,1.031,1.016,0.058,0.610,0.579,0.232,0.468,0.637,0.520,0.526,0.741,0.086,0.268,0.546,0.637,0.925,0.435,0.240,0.485,0.287,0.363,-0.054,0.227,0.435,0.193,0.230,0.193,0.214,0.033,0.044,0.547,0.439,0.368,0.813,0.187,0.162,0.121,0.261,0.175,0.427,0.341,0.469,1.890,0.485,0.502,0.965,0.034,0.870,0.194,0.502,0.606,0.382,0.206,0.122,0.504,0.628,0.010
2011-11-18 10:00:00,0.623,0.196,1.792,0.535,0.592,0.088,0.203,0.111,-0.133,0.242,0.458,0.128,0.291,-0.222,0.022,0.296,0.073,0.446,0.044,2.207,0.057,0.449,0.124,0.291,0.203,0.471,0.386,-0.129,0.634,1.092,0.441,0.191,0.555,0.577,0.000,0.636,0.211,0.390,0.340,0.524,0.618,0.870,0.230,1.497,0.936,0.134,0.548,0.568,0.219,0.327,0.553,0.364,0.686,0.570,0.071,0.259,0.513,0.340,0.337,0.200,0.234,0.084,0.285,0.288,0.395,0.176,0.611,0.545,0.240,0.231,0.317,0.179,0.029,0.550,0.367,0.250,0.767,0.132,0.185,0.100,0.309,0.178,0.306,0.279,0.417,1.945,0.549,0.461,1.219,0.125,0.715,0.206,0.550,0.558,0.376,0.260,0.121,0.603,0.840,0.034
2011-11-18 11:00:00,0.613,0.313,1.968,0.591,0.413,0.254,0.135,0.125,-0.203,0.217,0.331,0.107,0.268,-0.232,0.182,0.455,0.088,0.650,0.032,2.252,0.049,0.262,0.075,0.313,0.336,0.562,0.325,-0.007,1.007,1.089,0.540,0.214,0.651,0.667,0.000,1.130,0.308,0.468,0.224,0.472,0.573,1.019,0.535,1.486,1.005,0.112,0.523,0.464,0.189,0.330,0.500,0.329,0.761,0.321,0.063,0.233,0.421,0.340,0.031,0.312,0.214,-0.052,0.231,0.256,0.477,0.019,0.569,0.678,0.377,0.156,0.401,0.291,0.027,0.640,0.070,0.088,0.710,0.154,0.194,0.071,0.362,0.165,0.320,0.248,0.407,2.152,0.526,0.425,1.368,0.199,0.600,0.223,0.597,0.509,0.337,0.243,0.158,0.656,0.724,0.069
2011-11-18 12:00:00,0.744,0.422,2.120,0.563,0.541,0.436,0.208,0.202,0.107,0.220,0.580,0.190,0.321,-0.227,0.330,0.591,0.098,0.888,0.031,2.480,0.066,0.723,0.060,0.631,0.355,0.907,0.387,0.244,1.073,1.224,0.650,0.345,0.668,0.811,0.000,1.467,0.390,0.561,0.222,0.530,0.530,1.150,0.905,1.305,0.806,0.235,0.620,0.516,0.147,0.406,0.441,0.394,0.668,0.186,0.070,0.236,0.431,0.509,-0.302,0.281,0.198,0.028,0.168,0.265,0.634,-0.005,0.724,0.780,0.656,0.361,0.599,0.399,0.025,0.859,0.181,0.047,0.720,0.159,0.210,0.011,0.460,0.177,0.330,0.235,0.447,2.280,0.575,0.447,1.501,0.224,0.576,0.273,0.613,0.465,0.388,0.248,0.182,0.849,0.586,0.216
2011-11-18 13:00:00,0.946,0.501,1.462,0.490,0.896,0.461,0.511,0.341,0.328,0.297,0.766,0.260,0.430,-0.139,0.578,0.620,0.099,1.053,0.033,2.657,0.069,1.388,0.236,0.903,0.571,1.239,0.604,0.620,1.186,1.348,0.825,0.372,0.924,0.950,0.000,1.392,0.540,0.696,0.220,0.684,0.896,1.303,1.179,1.087,0.907,0.537,0.832,0.585,0.134,0.409,0.347,0.505,0.598,0.187,0.085,0.259,0.420,0.471,-0.314,0.284,0.149,0.278,0.301,0.283,0.798,0.134,0.871,0.854,0.885,0.662,0.701,0.571,0.026,1.109,0.419,0.085,0.779,0.197,0.243,0.061,0.533,0.190,0.313,0.315,0.607,2.527,0.700,0.541,1.707,0.214,0.664,0.307,0.583,0.551,0.444,0.448,0.206,1.011,0.535,0.622
2011-11-18 14:00:00,0.980,0.527,1.356,0.565,0.921,0.459,0.535,0.384,0.608,0.574,0.697,0.342,0.360,-0.123,0.627,0.603,0.095,1.217,0.037,2.713,0.093,1.825,0.228,0.881,0.585,1.238,0.847,0.789,1.006,1.338,0.855,0.370,1.010,1.088,0.000,1.553,0.631,0.774,0.303,0.901,1.278,1.358,1.261,0.838,0.752,0.725,0.952,0.633,0.223,0.343,0.245,0.620,0.547,0.216,0.126,0.317,0.492,0.625,-0.133,0.455,0.178,0.563,0.310,0.392,0.669,0.243,0.798,0.865,0.955,0.675,0.794,0.723,0.036,1.262,0.541,0.104,0.885,0.235,0.280,0.130,0.568,0.213,0.435,0.326,0.738,2.704,0.822,0.709,1.789,0.238,0.835,0.332,0.620,0.606,0.534,0.582,0.209,1.084,0.642,1.102
2011-11-18 15:00:00,1.057,0.837,1.431,0.565,0.901,0.600,0.598,0.410,0.743,0.827,0.730,0.359,0.415,-0.070,0.728,0.787,0.095,1.260,0.038,3.024,0.091,1.937,0.337,1.115,0.661,1.618,0.938,0.732,1.102,1.391,0.907,0.477,1.341,1.120,0.000,1.669,0.670,0.861,0.312,1.096,1.424,1.379,1.180,0.779,0.739,0.786,0.987,0.775,0.443,0.416,0.236,0.644,0.679,0.220,0.225,0.448,0.515,0.840,0.071,0.306,0.192,0.472,0.445,0.472,0.996,0.396,0.815,0.836,1.167,1.002,0.777,0.836,0.028,1.337,0.888,0.099,0.954,0.276,0.304,0.308,0.561,0.284,0.713,0.479,0.898,2.422,0.914,0.853,1.836,0.294,1.064,0.313,0.661,0.662,0.611,0.655,0.213,1.228,0.708,1.247
2011-11-18 16:00:00,1.475,1.023,1.277,0.581,0.963,0.557,0.736,0.413,0.504,0.994,0.574,0.387,0.379,0.015,0.792,0.629,0.119,1.333,0.058,3.210,0.087,2.073,0.317,1.301,0.567,1.783,0.998,0.749,1.239,1.335,1.046,0.516,1.855,1.188,0.000,1.580,0.733,0.870,0.437,1.204,1.466,1.265,1.128,0.910,1.028,0.730,1.047,0.890,0.730,0.598,0.310,0.790,0.804,0.182,0.267,0.487,0.554,1.003,0.209,0.436,0.257,0.463,0.588,0.585,1.515,0.257,0.964,0.858,1.305,1.186,0.899,0.901,0.040,1.422,1.136,0.112,0.991,0.311,0.318,0.477,0.475,0.352,0.765,0.525,0.993,2.168,1.015,1.011,1.807,0.314,1.281,0.285,0.774,0.626,0.693,0.728,0.217,1.021,0.914,1.465
2011-11-18 17:00:00,1.472,0.745,0.885,0.595,1.153,0.570,0.811,0.411,0.336,0.970,0.321,0.375,0.340,0.108,0.886,0.485,0.166,1.184,0.114,3.249,0.104,2.099,0.665,1.443,0.799,1.851,0.999,0.619,1.447,1.340,0.894,0.502,2.216,1.188,0.000,1.513,0.718,0.929,0.551,1.222,1.500,1.057,0.954,1.214,0.873,0.801,1.177,1.124,0.959,0.862,0.436,0.954,0.984,0.258,0.364,0.539,0.657,1.163,0.416,0.534,0.295,0.754,0.746,0.495,2.163,0.284,1.068,0.677,1.303,1.063,0.758,0.864,0.698,1.432,1.195,0.144,1.049,0.363,0.296,0.675,0.372,0.403,0.764,0.533,1.050,1.944,1.029,1.171,1.832,0.332,1.482,0.316,0.911,0.585,0.724,0.807,0.247,0.890,1.148,2.094
2011-11-18 18:00:00,1.611,0.557,1.083,0.627,1.322,0.596,0.945,0.476,0.279,0.997,0.296,0.347,0.466,0.178,0.802,0.299,0.183,0.878,0.145,3.194,0.113,2.168,1.026,1.598,1.367,2.034,1.204,0.627,1.514,1.230,0.776,0.611,2.446,1.119,0.000,1.312,0.690,1.024,0.609,1.160,1.582,0.793,0.850,1.404,0.969,0.954,1.157,1.140,1.040,1.066,0.520,1.081,1.008,0.379,0.346,0.557,0.700,1.335,0.501,0.823,0.310,1.049,0.657,0.496,2.329,0.327,1.043,0.589,1.343,1.284,0.650,0.739,0.716,1.423,1.086,0.141,1.021,0.425,0.299,0.791,0.307,0.465,0.833,0.542,0.978,1.869,1.093,1.195,1.854,0.357,1.505,0.264,0.999,0.540,0.789,0.900,0.322,0.817,1.443,1.728
2011-11-18 19:00:00,1.292,0.495,1.069,0.675,1.327,0.425,0.763,0.491,0.571,0.876,0.169,0.343,0.380,0.182,0.441,0.222,0.199,0.402,0.151,2.609,0.100,1.922,1.199,1.316,2.018,1.434,1.132,0.529,1.605,1.043,0.550,0.562,2.556,1.138,0.000,1.326,0.645,1.093,0.560,1.151,1.684,0.638,0.744,1.342,1.087,1.152,1.030,1.030,1.031,1.130,0.628,1.271,0.923,0.470,0.359,0.535,0.642,1.183,0.467,0.646,0.304,0.984,0.668,0.541,1.735,0.348,0.732,0.315,1.269,1.329,0.464,0.633,0.789,1.328,1.318,0.108,1.002,0.417,0.334,0.951,0.312,0.537,0.971,0.553,0.974,1.750,1.197,1.257,1.911,0.345,1.659,0.207,1.004,0.538,0.813,0.991,0.310,0.667,1.598,0.933
2011-11-18 20:00:00,1.267,0.427,1.155,0.626,1.267,0.480,1.107,0.605,0.757,0.920,0.568,0.470,0.458,0.258,0.405,0.167,0.212,0.058,0.176,2.427,0.094,1.901,1.469,1.217,2.216,1.239,0.984,0.622,1.354,0.943,0.368,0.608,2.520,1.076,0.000,1.307,0.571,1.113,0.635,1.036,1.665,0.557,0.433,1.136,1.190,1.181,0.887,0.934,1.018,1.097,0.660,1.375,0.801,0.449,0.381,0.478,0.592,1.277,0.401,0.520,0.300,0.797,0.617,0.554,1.287,0.643,0.462,0.502,1.234,1.252,0.578,0.521,0.796,1.212,1.279,0.140,0.894,0.376,0.361,0.932,0.359,0.555,0.931,0.536,0.883,1.565,1.256,1.231,1.884,0.334,1.739,0.160,0.970,0.505,0.740,1.029,0.272,0.581,1.617,0.501
2011-11-18 21:00:00,1.033,0.253,1.232,0.597,1.113,0.295,1.072,0.548,0.779,0.819,0.345,0.608,0.416,0.300,0.205,0.117,0.198,0.084,0.192,2.146,0.087,1.624,1.366,0.816,2.272,0.945,0.917,0.754,1.641,0.792,0.313,0.509,2.213,0.870,0.000,1.031,0.500,1.086,0.629,0.877,1.489,0.569,0.195,1.147,1.124,1.118,0.678,0.891,0.905,1.021,0.684,1.268,0.752,0.400,0.349,0.369,0.461,1.151,0.298,0.411,0.271,0.608,0.578,0.542,0.930,0.704,0.387,0.552,1.039,1.135,0.585,0.482,0.815,1.054,1.353,0.227,0.871,0.353,0.379,0.830,0.412,0.561,0.726,0.555,0.765,1.415,1.278,1.117,1.884,0.358,1.525,0.126,0.901,0.473,0.637,0.994,0.239,0.537,1.533,0.262
2011-11-18 22:00:00,0.740,0.155,1.280,0.511,0.991,0.330,1.038,0.496,0.712,0.818,0.113,0.607,0.244,0.295,0.116,0.203,0.198,-0.074,0.198,1.757,0.094,1.059,1.350,0.484,1.883,0.942,0.789,0.811,1.397,0.694,0.370,0.492,2.049,0.695,0.000,0.872,0.499,1.011,0.589,0.768,1.150,0.664,0.126,1.055,1.038,1.062,0.563,0.868,0.728,0.883,0.714,1.143,0.865,0.363,0.300,0.306,0.384,0.966,0.272,0.269,0.299,0.540,0.526,0.544,0.698,0.423,0.154,0.621,0.723,0.793,0.217,0.472,0.848,0.945,0.743,0.317,0.639,0.296,0.373,0.773,0.435,0.575,0.452,0.467,0.673,1.026,1.256,0.979,1.892,0.412,1.233,0.120,0.808,0.447,0.516,0.992,0.200,0.387,1.418,0.158
2011-11-18 23:00:00,0.609,0.063,0.932,0.418,0.773,0.277,0.596,0.301,0.632,0.520,0.025,0.553,0.097,0.138,0.008,0.173,0.208,-0.156,0.189,1.322,0.091,0.616,0.819,0.136,1.323,0.903,0.635,0.846,1.116,0.602,0.374,0.459,1.691,0.455,0.000,0.693,0.392,0.835,0.501,0.497,0.714,0.617,0.224,0.781,1.229,0.895,0.416,0.786,0.630,0.700,0.714,1.089,0.763,0.345,0.243,0.240,0.338,0.866,0.264,0.383,0.280,0.575,0.559,0.525,0.207,0.104,0.116,0.736,0.545,0.258,0.101,0.407,0.836,0.780,0.631,0.384,0.493,0.148,0.389,0.609,0.427,0.530,0.432,0.370,0.551,0.632,1.085,0.758,1.721,0.446,0.931,0.155,0.719,0.378,0.366,0.889,0.186,0.287,1.179,-0.098
2011-11-19 00:00:00,0.578,-0.029,0.672,0.321,0.669,0.264,0.572,0.239,0.592,0.368,0.049,0.531,0.217,0.106,0.132,0.158,0.195,-0.238,0.170,1.214,0.064,0.786,0.463,0.172,0.580,1.029,0.483,1.046,1.080,0.652,0.390,0.436,1.523,0.276,0.000,0.496,0.331,0.629,0.415,0.340,0.512,0.573,0.362,0.617,1.034,0.666,0.307,0.753,0.618,0.533,0.613,1.043,0.700,0.340,0.231,0.224,0.275,0.828,0.345,0.353,0.300,0.631,0.422,0.478,0.122,-0.106,0.101,0.523,0.315,0.009,-0.093,0.363,0.829,0.664,0.685,0.314,0.276,0.084,0.325,0.355,0.475,0.491,0.322,0.342,0.422,0.391,0.928,0.618,1.562,0.450,0.773,0.206,0.550,0.356,0.262,0.712,0.155,0.379,0.780,-0.212
2011-11-19 01:00:00,0.397,-0.220,0.597,0.369,0.625,0.147,0.293,0.151,0.595,0.303,-0.060,0.475,0.006,0.023,0.037,0.079,0.191,-0.251,0.163,1.064,0.056,0.528,0.026,0.109,0.089,0.823,0.804,0.412,0.530,0.638,0.309,0.358,1.191,0.225,0.000,0.445,0.336,0.474,0.296,0.312,0.420,0.564,0.427,0.483,0.927,0.569,0.231,0.600,0.555,0.435,0.519,0.977,0.722,0.336,0.179,0.153,0.199,0.846,0.279,0.229,0.236,0.573,0.299,0.476,0.000,-0.135,0.118,0.440,0.193,-0.164,-0.123,0.288,0.824,0.648,0.803,0.259,0.303,0.073,0.320,0.189,0.518,0.410,0.260,0.323,0.325,0.259,0.808,0.536,1.329,0.392,0.651,0.215,0.496,0.369,0.269,0.587,0.151,0.364,0.424,-0.156
2011-11-19 02:00:00,0.452,-0.090,0.650,0.235,0.314,0.168,0.313,0.153,0.441,0.268,0.062,0.456,-0.056,-0.039,0.024,0.089,0.182,-0.342,0.159,1.208,0.030,0.451,-0.127,0.198,-0.347,0.740,0.896,0.479,0.318,0.638,0.299,0.369,0.967,0.315,0.000,0.442,0.285,0.404,0.318,0.488,0.471,0.598,0.338,0.364,1.048,0.504,0.214,0.484,0.463,0.307,0.458,0.881,0.776,0.261,0.152,0.083,0.108,0.631,0.041,0.101,0.191,0.387,0.254,0.375,-0.197,-0.054,0.107,0.262,0.182,-0.172,-0.141,0.208,0.832,0.694,0.912,0.325,0.383,0.119,0.300,0.122,0.509,0.352,0.319,0.280,0.304,0.358,0.679,0.530,1.114,0.308,0.556,0.216,0.431,0.407,0.304,0.550,0.144,0.492,0.351,0.125
2011-11-19 03:00:00,0.517,0.014,0.701,0.271,0.430,0.013,0.091,0.095,0.408,0.386,-0.218,0.450,-0.231,-0.124,0.029,0.176,0.178,-0.188,0.145,1.277,0.024,0.683,-0.187,0.473,-0.663,0.338,1.151,0.099,-0.059,0.732,0.207,0.278,0.703,0.277,0.000,0.032,0.238,0.291,0.246,0.585,0.455,0.531,0.157,0.172,0.887,0.299,0.322,0.459,0.379,0.242,0.441,0.698,0.757,0.206,0.204,0.087,0.101,0.528,0.043,0.154,0.209,0.293,0.260,0.269,-0.101,-0.190,0.283,-0.001,0.153,-0.044,-0.077,0.172,0.816,0.631,0.565,0.330,0.416,0.136,0.251,0.113,0.441,0.292,0.461,0.431,0.305,0.565,0.569,0.559,0.824,0.202,0.532,0.204,0.249,0.415,0.303,0.473,0.154,0.445,0.283,0.913
2011-11-19 04:00:00,0.634,0.175,0.407,0.294,0.351,-0.054,0.018,-0.042,0.107,0.256,-0.088,0.262,-0.254,-0.151,0.148,0.161,0.177,-0.317,0.126,1.361,-0.003,0.584,-0.223,0.480,-0.935,-0.049,0.700,0.031,-0.600,0.752,0.043,0.127,0.512,0.316,0.000,-0.191,0.240,0.167,0.305,0.640,0.327,0.474,-0.009,0.008,0.898,0.075,0.420,0.522,0.271,0.166,0.446,0.530,0.746,0.162,0.293,0.119,0.178,0.611,0.185,0.123,0.157,0.187,0.241,0.173,0.016,-0.311,0.300,-0.140,0.073,-0.209,-0.289,0.045,0.857,0.537,0.420,0.289,0.599,0.139,0.252,0.046,0.348,0.254,0.535,0.432,0.399,0.555,0.417,0.600,0.589,0.081,0.551,0.237,0.300,0.376,0.324,0.340,0.194,0.411,0.182,1.252
2011-11-19 05:00:00,0.956,-0.044,0.563,0.298,0.505,-0.001,0.159,-0.100,-0.268,0.360,-0.209,0.187,0.015,-0.140,0.304,-0.093,0.180,-0.090,0.115,1.852,0.026,0.440,-0.107,0.788,-0.821,0.444,1.036,-0.103,-0.352,0.907,0.119,0.274,0.536,0.386,0.000,-0.031,0.164,0.104,0.335,0.732,0.290,0.399,-0.154,0.098,0.978,0.005,0.530,0.630,0.200,0.178,0.405,0.397,0.758,0.230,0.316,0.126,0.190,0.695,0.077,0.109,0.155,0.247,0.337,0.133,0.481,-0.138,0.587,-0.274,0.056,-0.072,-0.043,-0.016,0.773,0.495,0.360,0.221,0.745,0.154,0.215,0.084,0.262,0.219,0.598,0.473,0.370,0.779,0.368,0.642,0.566,-0.005,0.686,0.297,0.333,0.385,0.371,0.278,0.274,0.342,0.237,0.719
2011-11-19 06:00:00,0.923,0.027,0.690,0.366,0.603,-0.002,0.077,-0.058,-0.569,0.212,-0.169,-0.056,0.101,-0.127,0.123,-0.110,0.181,-0.294,0.087,2.149,0.034,0.051,0.299,0.990,-0.282,0.542,0.963,-0.490,0.175,1.035,0.339,0.330,0.417,0.439,0.000,0.148,0.152,0.067,0.357,0.552,0.328,0.252,-0.134,0.275,0.990,0.032,0.632,0.732,0.161,0.181,0.392,0.440,0.798,0.200,0.239,0.145,0.242,0.883,0.065,0.192,0.156,0.416,0.469,0.164,0.746,-0.174,0.620,-0.503,0.038,0.172,-0.113,-0.085,0.766,0.563,0.618,0.225,0.818,0.200,0.148,0.134,0.164,0.247,0.549,0.409,0.449,1.052,0.292,0.628,0.559,-0.054,0.787,0.431,0.354,0.469,0.454,0.289,0.361,0.403,0.290,0.446
2011-11-19 07:00:00,0.961,-0.054,1.186,0.684,0.475,0.045,0.163,0.037,-0.343,-0.048,0.175,0.006,0.055,-0.178,-0.083,-0.192,0.184,-0.419,0.060,2.053,0.054,0.236,0.425,0.989,0.161,0.315,1.025,-0.236,-0.011,0.911,0.458,0.418,0.509,0.651,0.000,0.402,0.163,0.126,0.362,0.499,0.509,0.321,0.083,0.627,0.962,0.154,0.632,0.748,0.209,0.315,0.379,0.486,0.755,0.176,0.190,0.213,0.319,0.861,0.166,0.264,0.166,0.583,0.475,0.185,0.439,-0.008,0.666,-0.334,0.166,0.418,0.116,-0.072,0.109,0.618,0.747,0.320,0.979,0.250,0.228,0.214,0.165,0.291,0.564,0.358,0.498,1.362,0.374,0.575,0.755,-0.043,0.927,0.354,0.449,0.523,0.568,0.285,0.532,0.427,0.426,0.419
2011-11-19 08:00:00,0.595,-0.115,1.429,0.702,0.581,0.047,0.239,0.116,0.116,-0.107,0.487,0.089,0.196,-0.197,-0.080,0.066,0.156,-0.167,0.051,2.178,0.064,0.688,0.649,0.856,0.446,0.366,0.743,0.084,0.578,1.008,0.440,0.486,0.436,0.766,0.000,0.448,0.211,0.230,0.420,0.530,0.610,0.521,0.207,1.034,0.995,0.256,0.716,0.684,0.321,0.363,0.440,0.540,0.741,0.243,0.184,0.289,0.368,1.013,0.187,0.393,0.206,0.659,0.457,0.292,0.148,0.318,0.674,-0.267,0.242,0.468,0.345,0.050,0.062,0.517,0.867,0.189,1.242,0.192,0.232,0.268,0.291,0.254,0.409,0.453,0.446,1.786,0.518,0.565,1.023,0.019,0.945,0.301,0.542,0.610,0.600,0.279,0.491,0.466,0.518,0.009
2011-11-19 09:00:00,0.597,0.166,1.722,0.793,0.819,0.057,0.321,0.167,0.136,0.071,0.604,0.144,0.280,-0.206,0.076,0.278,0.105,0.114,0.035,2.054,0.061,0.869,0.632,0.560,0.394,0.566,0.794,0.228,0.431,1.083,0.416,0.455,0.386,0.828,0.000,0.705,0.282,0.362,0.379,0.560,0.537,0.782,0.332,1.516,0.990,0.293,0.710,0.616,0.397,0.387,0.445,0.567,0.732,0.350,0.178,0.370,0.477,0.916,0.159,0.354,0.186,0.576,0.427,0.349,0.121,0.216,0.560,0.148,0.273,0.470,0.307,0.219,0.064,0.478,0.654,0.077,1.405,0.141,0.257,0.230,0.425,0.262,0.274,0.272,0.390,2.149,0.607,0.545,1.188,0.127,0.927,0.295,0.515,0.637,0.531,0.273,0.387,0.592,0.567,-0.269
2011-11-19 10:00:00,0.576,0.325,1.950,1.049,0.576,0.224,0.310,0.124,-0.024,0.154,0.653,0.197,0.353,-0.193,0.070,0.381,0.101,0.642,0.017,2.267,0.045,0.803,0.345,0.377,0.334,0.514,0.568,0.245,1.108,1.125,0.392,0.512,0.468,0.886,0.000,1.129,0.363,0.501,0.408,0.617,0.469,1.170,0.551,2.073,0.887,0.324,0.699,0.572,0.415,0.460,0.447,0.576,0.713,0.444,0.186,0.362,0.572,0.634,0.348,0.479,0.240,0.444,0.359,0.425,0.168,0.346,0.509,0.579,0.412,0.246,0.288,0.395,0.060,0.595,0.689,0.137,1.084,0.118,0.262,0.150,0.496,0.254,0.320,0.268,0.456,2.451,0.710,0.543,1.479,0.235,0.902,0.320,0.483,0.652,0.497,0.286,0.230,0.776,0.615,-0.166
2011-11-19 11:00:00,0.545,0.282,1.860,1.156,0.474,0.462,0.347,0.197,0.023,0.147,0.726,0.271,0.379,-0.193,0.250,0.656,0.070,1.083,0.013,2.397,0.044,0.776,0.228,0.515,-0.006,0.905,0.680,0.437,1.432,1.227,0.558,0.517,0.618,1.064,0.000,1.597,0.513,0.596,0.377,0.790,0.364,1.504,0.913,2.196,0.866,0.278,0.691,0.540,0.377,0.434,0.562,0.560,0.659,0.552,0.197,0.320,0.491,0.589,0.467,0.374,0.236,0.282,0.261,0.409,0.482,0.145,0.548,0.726,0.427,0.190,0.505,0.556,0.057,0.684,0.724,0.126,1.045,0.133,0.277,0.086,0.555,0.240,0.308,0.259,0.451,2.701,0.786,0.513,1.675,0.314,0.818,0.403,0.666,0.670,0.468,0.340,0.239,0.856,0.619,0.170
2011-11-19 12:00:00,0.604,0.440,1.527,0.930,0.762,0.506,0.428,0.286,0.263,-0.038,0.742,0.332,0.379,-0.169,0.359,0.786,0.071,1.433,0.014,2.578,0.044,1.435,0.210,0.719,-0.049,1.298,0.660,0.483,1.455,1.273,0.693,0.522,0.864,1.176,0.000,1.721,0.626,0.733,0.316,0.916,0.321,1.716,1.365,1.926,0.888,0.383,0.700,0.548,0.312,0.415,0.556,0.589,0.617,0.537,0.203,0.302,0.395,0.635,0.513,0.584,0.273,0.279,0.270,0.397,0.673,0.057,0.692,1.119,0.563,0.380,0.669,0.872,0.053,0.882,0.893,0.145,0.908,0.139,0.344,-0.011,0.696,0.217,0.314,0.322,0.482,2.687,0.833,0.493,1.880,0.385,0.765,0.535,0.771,0.691,0.559,0.398,0.245,1.070,0.478,0.460
2011-11-19 13:00:00,0.851,0.471,1.375,0.817,0.892,0.627,0.588,0.371,0.516,0.172,0.772,0.402,0.365,-0.143,0.773,0.747,0.068,1.905,0.019,2.710,0.044,1.829,0.169,0.788,-0.069,1.435,0.817,1.114,1.373,1.369,0.871,0.591,0.982,1.171,0.000,1.988,0.693,0.826,0.275,0.865,0.602,1.855,1.627,1.596,0.803,0.647,0.685,0.600,0.293,0.336,0.484,0.617,0.511,0.353,0.186,0.228,0.411,0.566,0.530,0.502,0.271,0.258,0.284,0.357,0.751,0.080,0.765,1.141,0.703,0.480,0.728,1.066,0.041,1.140,0.846,0.152,1.017,0.155,0.347,-0.040,0.747,0.195,0.428,0.233,0.625,2.386,0.844,0.551,1.950,0.377,0.781,0.551,0.751,0.720,0.628,0.440,0.238,1.265,0.369,0.885
2011-11-19 14:00:00,1.011,0.821,1.510,0.893,1.164,0.669,0.826,0.485,0.766,0.675,0.894,0.445,0.582,-0.068,0.992,1.020,0.088,2.063,0.017,3.119,0.062,2.673,0.405,1.266,0.289,1.686,1.239,1.287,1.693,1.546,0.903,0.708,1.282,1.248,0.000,2.295,0.769,0.949,0.322,1.093,1.044,1.958,1.714,1.349,0.735,0.819,0.682,0.586,0.285,0.349,0.397,0.607,0.503,0.230,0.184,0.215,0.404,0.447,0.421,0.601,0.231,0.314,0.245,0.333,0.924,0.355,0.821,1.179,0.998,0.789,0.924,1.274,0.044,1.389,0.818,0.159,0.972,0.219,0.410,0.072,0.800,0.286,0.633,0.435,0.795,2.515,0.933,0.709,2.067,0.360,0.860,0.443,0.721,0.735,0.759,0.601,0.218,1.416,0.416,1.618
2011-11-19 15:00:00,1.450,1.269,1.488,0.665,1.126,0.787,1.123,0.604,0.798,0.918,1.008,0.545,0.465,0.099,1.077,0.975,0.077,2.192,0.023,3.356,0.057,3.039,0.380,1.601,0.410,1.555,1.282,1.347,1.569,1.622,0.796,0.750,1.614,1.360,0.000,2.325,0.859,1.094,0.275,1.411,1.401,1.936,1.754,1.207,0.816,0.921,0.700,0.662,0.409,0.395,0.381,0.659,0.454,0.113,0.194,0.243,0.421,0.617,0.324,0.621,0.236,0.296,0.298,0.329,1.459,0.387,0.881,1.155,1.141,1.236,1.021,1.366,0.012,1.540,0.922,0.207,1.176,0.303,0.443,0.361,0.769,0.365,0.814,0.479,1.072,2.706,1.083,0.971,2.100,0.352,1.064,0.395,0.759,0.825,0.949,0.814,0.246,1.499,0.764,1.871
2011-11-19 16:00:00,1.557,0.883,1.495,0.737,1.471,0.775,1.368,0.710,0.878,1.125,0.723,0.648,0.540,0.256,1.177,0.894,0.124,2.273,0.074,3.832,0.079,2.863,0.789,1.916,0.884,1.947,1.909,1.342,2.022,1.614,0.747,0.783,1.861,1.444,0.000,2.072,0.907,1.135,0.360,1.621,1.600,1.754,1.613,1.169,0.884,1.018,0.784,0.755,0.623,0.520,0.338,0.710,0.574,0.166,0.218,0.310,0.470,0.871,0.189,0.481,0.227,0.402,0.398,0.360,2.033,0.677,1.140,0.991,1.213,1.396,1.020,1.339,0.027,1.633,0.976,0.222,1.239,0.357,0.487,0.574,0.627,0.461,0.953,0.702,1.199,2.588,1.206,1.213,2.101,0.348,1.184,0.366,0.885,0.895,1.049,0.974,0.268,1.407,1.196,2.184
2011-11-19 17:00:00,1.573,0.939,1.306,0.823,1.536,0.646,1.303,0.688,0.716,1.247,0.527,0.577,0.480,0.255,0.973,0.718,0.154,1.881,0.129,3.695,0.084,2.887,1.097,2.072,1.003,2.014,1.281,1.159,1.926,1.511,0.738,0.667,1.955,1.315,0.000,1.802,0.838,1.198,0.404,1.598,1.715,1.503,1.291,1.357,0.918,1.081,0.880,0.897,0.804,0.737,0.317,0.752,0.568,0.164,0.272,0.339,0.436,1.074,0.290,0.537,0.193,0.607,0.530,0.402,2.802,0.401,1.199,0.869,1.179,1.456,0.939,1.291,0.751,1.608,1.191,0.155,1.284,0.386,0.472,0.816,0.495,0.576,0.952,0.689,1.292,2.428,1.235,1.329,2.069,0.298,1.295,0.358,1.009,0.848,1.157,1.019,0.345,1.206,1.424,2.612
2011-11-19 18:00:00,1.647,0.891,1.235,0.844,1.573,0.548,1.087,0.617,0.624,1.281,0.434,0.469,0.469,0.265,0.867,0.477,0.189,1.337,0.158,3.256,0.075,2.456,1.185,1.951,1.631,2.042,1.119,0.959,1.742,1.337,0.587,0.616,1.806,1.111,0.000,1.660,0.755,1.226,0.506,1.342,1.654,1.069,1.046,1.439,0.991,0.996,0.909,1.004,0.900,0.876,0.364,0.843,0.630,0.254,0.285,0.387,0.444,0.967,0.294,0.463,0.263,0.801,0.579,0.419,2.619,0.344,1.112,0.504,1.247,1.513,0.816,1.109,0.759,1.430,1.142,0.213,1.292,0.376,0.383,0.888,0.358,0.650,0.914,0.669,1.243,2.089,1.163,1.326,1.852,0.249,1.390,0.301,1.055,0.673,1.094,1.001,0.315,0.994,1.616,2.124
2011-11-19 19:00:00,1.476,0.671,0.991,0.656,1.240,0.389,0.864,0.506,0.599,1.120,0.426,0.459,0.510,0.231,0.624,0.267,0.194,0.725,0.152,2.809,0.070,1.974,0.985,1.599,1.586,1.773,0.686,0.675,1.557,1.176,0.382,0.492,1.522,0.823,0.000,1.382,0.573,1.106,0.543,1.137,1.508,0.641,0.690,1.217,1.064,0.846,0.944,1.046,0.931,0.942,0.464,0.942,0.771,0.325,0.354,0.439,0.499,1.017,0.332,0.399,0.260,0.865,0.625,0.482,1.908,0.423,0.792,0.202,1.021,1.282,0.680,0.742,0.789,1.220,1.073,0.220,1.256,0.407,0.302,0.772,0.192,0.688,0.792,0.655,1.159,1.625,1.083,1.263,1.654,0.211,1.315,0.237,1.036,0.556,0.946,0.900,0.231,0.735,1.479,1.171
2011-11-19 20:00:00,1.158,0.340,0.881,0.638,1.075,0.181,0.739,0.417,0.434,1.005,0.287,0.361,0.475,0.216,0.334,0.057,0.181,0.250,0.147,2.468,0.067,1.281,0.845,1.265,1.535,1.638,0.543,0.146,1.314,0.998,0.158,0.266,1.317,0.637,0.000,1.002,0.460,0.984,0.517,1.020,1.355,0.358,0.327,0.976,1.125,0.707,0.918,1.053,0.950,0.897,0.540,0.968,0.830,0.380,0.410,0.380,0.600,1.065,0.407,0.499,0.313,0.884,0.564,0.467,1.468,0.439,0.615,0.086,0.729,1.108,0.483,0.373,0.823,0.991,0.862,0.192,1.117,0.392,0.223,0.528,0.108,0.640,0.611,0.573,0.954,1.275,0.996,1.259,1.516,0.185,1.197,0.162,0.983,0.452,0.797,0.766,0.174,0.550,1.457,0.640
2011-11-19 21:00:00,0.767,0.242,0.872,0.522,0.678,-0.082,0.406,0.257,0.244,0.782,-0.091,0.269,0.138,0.105,-0.116,-0.095,0.191,-0.110,0.155,1.847,0.073,0.340,0.419,0.628,1.107,0.628,0.082,-0.323,0.841,0.578,0.053,-0.010,1.059,0.551,0.000,0.612,0.330,0.916,0.485,0.870,1.083,0.184,-0.007,1.047,1.112,0.544,0.829,0.967,0.870,0.797,0.575,0.988,0.666,0.523,0.376,0.349,0.697,1.197,0.454,0.512,0.290,0.787,0.473,0.453,0.921,0.248,0.285,0.091,0.370,0.746,0.170,0.089,0.844,0.821,0.653,0.142,0.975,0.357,0.104,0.398,0.110,0.587,0.455,0.453,0.713,0.903,0.846,1.121,1.333,0.160,1.056,0.080,0.739,0.339,0.631,0.648,0.102,0.420,1.253,0.265
2011-11-19 22:00:00,0.418,0.186,0.617,0.400,0.510,-0.113,0.075,0.135,0.154,0.597,-0.255,0.257,-0.119,-0.036,-0.282,-0.112,0.208,-0.233,0.170,1.454,0.084,-0.460,0.222,0.230,0.621,0.331,-0.427,-0.652,0.452,0.403,-0.058,-0.181,0.804,0.340,0.000,0.303,0.215,0.826,0.498,0.591,0.598,0.067,-0.384,0.896,1.131,0.387,0.696,0.878,0.715,0.657,0.583,0.993,0.488,0.439,0.304,0.272,0.532,1.027,0.293,0.425,0.300,0.624,0.416,0.467,0.581,0.041,0.100,0.069,0.224,0.411,0.100,-0.088,0.824,0.685,0.596,0.167,0.640,0.272,0.094,0.238,0.099,0.512,0.427,0.419,0.550,0.550,0.693,0.775,1.190,0.144,0.942,0.041,0.726,0.176,0.415,0.501,0.007,0.250,1.160,-0.022
2011-11-19 23:00:00,0.435,0.254,0.202,0.197,0.502,-0.276,0.029,0.005,-0.093,0.442,-0.325,0.236,0.021,-0.091,-0.329,-0.208,0.199,-0.370,0.159,1.156,0.068,-0.368,-0.032,-0.020,0.142,0.227,-0.741,-0.807,0.214,0.355,-0.087,-0.254,0.680,0.082,0.000,-0.103,0.129,0.580,0.439,0.279,0.164,-0.029,-0.551,0.566,1.053,0.276,0.552,0.746,0.541,0.562,0.609,0.939,0.421,0.427,0.246,0.256,0.413,0.703,0.245,0.377,0.284,0.516,0.434,0.425,0.245,-0.185,0.004,0.297,0.078,0.056,0.194,-0.272,0.810,0.458,0.505,0.228,0.455,0.146,0.037,0.076,0.059,0.402,0.306,0.278,0.379,0.164,0.520,0.490,0.987,0.146,0.743,0.010,0.562,0.033,0.185,0.285,-0.095,0.170,0.888,-0.186
2011-11-20 00:00:00,0.185,-0.106,-0.092,0.074,0.278,-0.273,-0.089,-0.062,-0.214,0.216,-0.462,0.152,0.020,-0.118,-0.424,-0.375,0.187,-0.389,0.156,0.943,0.065,-0.715,-0.295,-0.319,-0.071,0.029,-0.636,-0.940,0.105,0.307,-0.060,-0.314,0.698,0.052,0.000,-0.153,0.111,0.440,0.335,0.130,-0.063,-0.029,-0.531,0.320,0.977,0.142,0.420,0.594,0.440,0.436,0.535,0.840,0.408,0.369,0.239,0.206,0.358,0.698,0.153,0.310,0.237,0.399,0.311,0.348,0.049,-0.278,-0.092,0.224,-0.220,-0.088,-0.127,-0.322,0.803,0.284,0.465,0.171,0.277,0.135,-0.010,0.013,0.090,0.330,0.219,0.251,0.206,-0.094,0.407,0.294,0.965,0.130,0.671,0.043,0.327,-0.096,0.074,0.194,-0.101,0.186,0.645,-0.134
2011-11-20 01:00:00,-0.255,-0.421,-0.331,0.084,-0.019,-0.252,-0.399,-0.126,-0.271,-0.058,-0.485,0.014,-0.074,-0.250,-0.655,-0.240,0.189,-0.681,0.159,0.827,0.062,-1.156,-0.396,-0.602,-0.419,-0.369,-0.519,-0.996,-0.125,0.115,0.013,-0.404,0.737,0.064,0.000,0.015,0.067,0.309,0.269,0.080,-0.086,-0.142,-0.319,0.248,0.930,0.123,0.317,0.545,0.428,0.374,0.550,0.778,0.370,0.344,0.237,0.218,0.311,0.724,0.072,0.160,0.205,0.345,0.280,0.324,-0.352,-0.326,-0.236,0.215,-0.470,-0.257,-0.495,-0.249,0.792,0.259,0.188,0.108,0.247,0.106,0.000,0.021,0.145,0.278,0.188,0.211,0.161,-0.299,0.296,0.220,0.876,0.128,0.578,0.037,0.318,-0.117,0.036,0.164,-0.099,0.260,0.502,-0.240
2011-11-20 02:00:00,-0.159,-0.133,-0.218,0.153,-0.072,-0.310,-0.433,-0.117,-0.280,-0.180,-0.314,-0.032,-0.094,-0.312,-0.749,-0.056,0.168,-0.711,0.155,0.847,0.047,-0.736,-0.423,-0.491,-0.819,-0.490,-0.483,-0.843,-0.278,0.104,0.102,-0.338,0.690,0.089,0.000,0.065,0.057,0.227,0.305,0.025,0.108,-0.084,-0.161,0.276,0.958,0.195,0.326,0.475,0.374,0.303,0.550,0.723,0.359,0.282,0.197,0.201,0.240,0.629,0.066,0.107,0.176,0.260,0.280,0.307,-0.372,-0.475,-0.138,0.278,-0.413,-0.196,-0.404,-0.242,0.812,0.396,0.229,0.079,0.152,0.140,0.001,-0.043,0.209,0.284,0.280,0.190,0.206,-0.358,0.334,0.221,0.813,0.125,0.599,0.080,0.400,-0.109,0.081,0.158,-0.015,0.374,0.388,-0.188
2011-11-20 03:00:00,0.034,-0.080,0.154,0.262,0.354,-0.247,-0.146,-0.080,-0.174,-0.007,-0.328,-0.065,-0.123,-0.260,-0.474,-0.012,0.174,-0.409,0.149,1.136,0.045,-0.433,-0.251,-0.238,-0.625,-0.116,-0.024,-0.732,-0.058,0.320,0.158,-0.220,0.657,0.133,0.000,0.086,0.040,0.162,0.328,0.113,0.283,0.051,-0.217,0.215,0.927,0.168,0.391,0.497,0.331,0.239,0.543,0.653,0.355,0.242,0.236,0.170,0.282,0.628,0.124,0.166,0.169,0.273,0.326,0.265,-0.034,-0.377,0.131,0.161,-0.126,-0.034,-0.394,-0.112,0.819,0.433,0.327,0.120,0.312,0.131,0.046,-0.027,0.244,0.245,0.341,0.183,0.249,-0.141,0.384,0.308,0.774,0.094,0.641,0.098,0.455,-0.050,0.150,0.193,0.008,0.431,0.225,0.410
2011-11-20 04:00:00,0.315,-0.062,0.308,0.473,0.359,-0.164,-0.015,-0.073,-0.187,0.172,-0.207,0.023,-0.055,-0.241,-0.307,-0.082,0.176,-0.264,0.127,1.418,0.047,-0.069,-0.106,0.025,-0.431,0.133,0.426,-0.563,-0.002,0.450,0.201,-0.077,0.556,0.173,0.000,-0.102,0.073,0.149,0.378,0.306,0.285,0.114,-0.312,0.207,0.878,0.104,0.484,0.612,0.327,0.236,0.463,0.617,0.328,0.211,0.322,0.193,0.246,0.583,0.168,0.198,0.155,0.340,0.292,0.266,0.075,-0.181,0.222,0.159,0.051,0.096,-0.366,-0.093,0.793,0.481,0.463,0.141,0.476,0.163,0.050,0.040,0.266,0.304,0.458,0.269,0.372,0.146,0.402,0.388,0.735,0.058,0.649,0.114,0.446,-0.007,0.178,0.267,0.085,0.502,0.246,0.617
2011-11-20 05:00:00,0.442,-0.028,0.371,0.424,0.331,-0.079,-0.021,-0.061,-0.116,0.184,-0.132,0.040,-0.011,-0.240,-0.242,0.026,0.171,-0.185,0.114,1.476,0.056,0.018,-0.006,0.160,-0.282,0.060,0.567,-0.644,0.236,0.500,0.326,-0.015,0.612,0.200,0.000,0.027,0.121,0.101,0.388,0.442,0.315,0.110,-0.330,0.284,0.984,0.039,0.593,0.584,0.292,0.245,0.380,0.650,0.378,0.235,0.345,0.195,0.302,0.771,0.225,0.163,0.165,0.452,0.374,0.260,0.223,-0.127,0.302,0.071,0.038,-0.029,-0.174,-0.080,0.755,0.422,0.488,0.089,0.603,0.190,0.072,0.161,0.186,0.280,0.552,0.231,0.394,0.411,0.429,0.477,0.800,0.055,0.710,0.119,0.474,0.028,0.243,0.314,0.173,0.499,0.347,0.391
2011-11-20 06:00:00,0.413,-0.083,0.545,0.565,0.368,-0.031,0.008,-0.036,-0.205,0.067,-0.031,0.040,0.023,-0.228,-0.264,0.016,0.175,-0.180,0.112,1.633,0.056,-0.085,0.072,0.206,-0.257,0.114,1.073,-0.651,0.006,0.490,0.515,0.037,0.650,0.264,0.000,0.210,0.144,0.131,0.417,0.505,0.433,0.159,-0.263,0.347,0.960,0.060,0.745,0.687,0.231,0.233,0.350,0.614,0.430,0.235,0.268,0.235,0.397,1.067,0.272,0.230,0.155,0.469,0.405,0.258,0.248,-0.100,0.263,0.172,0.016,0.123,-0.072,0.002,0.771,0.415,0.403,0.089,0.610,0.234,0.090,0.144,0.157,0.261,0.658,0.335,0.453,0.684,0.433,0.521,0.829,0.069,0.680,0.226,0.479,0.161,0.256,0.299,0.344,0.488,0.506,0.251
2011-11-20 07:00:00,0.414,-0.159,0.720,0.775,0.469,-0.004,-0.020,-0.023,-0.125,0.017,0.040,0.051,0.028,-0.247,-0.243,0.054,0.173,-0.039,0.104,1.801,0.063,-0.082,0.207,0.198,-0.131,0.117,1.082,-0.472,0.254,0.558,0.614,0.089,0.578,0.274,0.000,0.233,0.183,0.159,0.410,0.435,0.477,0.209,-0.197,0.404,0.964,0.045,0.847,0.775,0.236,0.319,0.366,0.593,0.690,0.288,0.193,0.289,0.486,0.794,0.191,0.303,0.189,0.610,0.484,0.285,0.301,-0.084,0.444,0.264,0.034,0.189,0.070,-0.041,0.333,0.442,0.336,0.119,0.643,0.255,0.085,0.152,0.187,0.287,0.594,0.284,0.435,0.829,0.438,0.461,0.848,0.057,0.770,0.167,0.525,0.339,0.276,0.275,0.402,0.356,0.499,0.304
2011-11-20 08:00:00,0.528,-0.033,0.901,0.781,0.591,0.058,0.100,0.005,-0.011,0.106,0.164,0.059,0.126,-0.250,-0.210,0.258,0.151,0.038,0.084,1.751,0.068,0.227,0.341,0.362,0.101,0.142,1.581,-0.345,0.361,0.616,0.780,0.184,0.503,0.264,0.000,0.275,0.198,0.162,0.371,0.249,0.422,0.210,-0.127,0.578,0.931,0.090,0.956,0.721,0.319,0.392,0.404,0.621,0.693,0.353,0.204,0.336,0.540,0.659,0.241,0.321,0.207,0.639,0.435,0.307,0.233,-0.081,0.509,0.312,0.139,0.189,0.068,-0.071,0.050,0.396,0.285,0.118,0.580,0.203,0.111,0.112,0.203,0.252,0.488,0.320,0.413,0.892,0.437,0.420,0.921,0.074,0.810,0.144,0.558,0.525,0.243,0.238,0.435,0.390,0.477,0.027
2011-11-20 09:00:00,0.789,0.153,1.186,0.462,0.495,0.170,0.149,0.031,0.175,0.070,0.291,0.083,0.147,-0.236,-0.172,0.348,0.144,0.207,0.066,1.892,0.073,0.375,0.249,0.378,0.227,0.288,1.588,-0.240,0.440,0.699,0.648,0.250,0.447,0.295,0.000,0.542,0.214,0.231,0.392,0.151,0.412,0.286,-0.045,0.867,0.905,0.143,0.969,0.720,0.443,0.418,0.434,0.620,0.597,0.410,0.159,0.372,0.602,0.834,0.197,0.321,0.226,0.561,0.387,0.331,0.201,0.015,0.400,0.372,0.234,0.266,0.153,0.047,0.057,0.456,0.382,0.040,0.532,0.184,0.088,0.107,0.213,0.211,0.310,0.274,0.326,1.014,0.499,0.415,0.914,0.097,0.751,0.140,0.463,0.554,0.240,0.217,0.387,0.424,0.480,-0.111
2011-11-20 10:00:00,0.706,0.112,1.318,0.508,0.402,0.224,0.280,0.046,0.125,0.054,0.443,0.153,0.220,-0.239,-0.107,0.416,0.135,0.344,0.065,1.944,0.057,0.506,0.195,0.319,0.101,0.471,1.525,-0.108,0.652,0.767,0.670,0.286,0.405,0.332,0.000,0.541,0.297,0.335,0.414,0.245,0.399,0.432,0.015,1.282,0.982,0.085,0.921,0.759,0.427,0.388,0.432,0.639,0.499,0.465,0.166,0.327,0.593,0.816,0.145,0.350,0.217,0.602,0.354,0.359,0.153,0.133,0.515,0.411,0.194,0.188,0.348,0.102,0.067,0.477,0.366,0.056,0.530,0.145,0.114,0.063,0.247,0.184,0.363,0.213,0.266,1.135,0.533,0.360,1.042,0.110,0.760,0.173,0.423,0.629,0.228,0.235,0.383,0.481,0.480,-0.097
2011-11-20 11:00:00,0.762,0.145,1.323,0.530,0.526,0.136,0.313,0.062,0.197,0.144,0.474,0.195,0.216,-0.239,-0.024,0.364,0.130,0.487,0.062,1.967,0.050,0.811,0.139,0.380,-0.110,0.469,1.368,-0.026,0.616,0.811,0.707,0.242,0.456,0.359,0.000,0.581,0.405,0.385,0.384,0.439,0.472,0.565,0.129,1.333,0.867,0.071,0.762,0.711,0.410,0.419,0.387,0.637,0.488,0.436,0.172,0.340,0.579,0.706,0.109,0.361,0.213,0.493,0.365,0.357,0.275,0.051,0.589,0.596,0.203,0.230,0.320,0.303,0.066,0.480,0.420,0.097,0.577,0.184,0.128,0.022,0.298,0.196,0.195,0.236,0.341,1.348,0.535,0.377,1.084,0.113,0.730,0.176,0.475,0.700,0.279,0.216,0.255,0.505,0.442,-0.106
2011-11-20 12:00:00,1.018,0.316,1.229,0.444,0.584,0.240,0.440,0.080,0.259,0.239,0.429,0.210,0.168,-0.210,0.127,0.302,0.134,0.710,0.058,2.124,0.049,0.648,0.124,0.445,0.023,0.567,1.105,0.135,0.781,0.871,0.779,0.296,0.547,0.421,0.000,0.570,0.530,0.474,0.389,0.453,0.556,0.727,0.118,1.059,0.803,0.130,0.697,0.672,0.390,0.441,0.420,0.676,0.505,0.347,0.161,0.301,0.572,0.753,0.293,0.345,0.195,0.406,0.382,0.402,0.458,0.016,0.713,0.599,0.363,0.327,0.044,0.496,0.061,0.626,0.248,0.119,0.554,0.189,0.138,0.034,0.300,0.170,0.198,0.251,0.456,1.573,0.560,0.442,1.253,0.114,0.869,0.259,0.483,0.780,0.345,0.267,0.230,0.602,0.410,0.025
2011-11-20 13:00:00,1.222,0.390,1.195,0.710,0.778,0.359,0.569,0.138,0.369,0.294,0.458,0.261,0.273,-0.176,0.234,0.333,0.139,0.823,0.062,2.353,0.056,0.965,0.256,0.617,0.027,0.749,1.055,0.359,0.947,1.005,0.851,0.364,0.635,0.514,0.000,0.871,0.585,0.535,0.394,0.452,0.707,0.819,0.194,0.877,0.751,0.210,0.627,0.669,0.399,0.352,0.504,0.680,0.482,0.291,0.154,0.308,0.560,0.777,0.367,0.363,0.203,0.364,0.344,0.388,0.581,0.097,0.838,0.675,0.543,0.500,0.403,0.649,0.052,0.778,0.195,0.138,0.554,0.211,0.173,0.093,0.311,0.177,0.239,0.276,0.454,1.504,0.553,0.474,1.371,0.124,0.906,0.295,0.479,0.770,0.424,0.313,0.182,0.649,0.410,0.269
2011-11-20 14:00:00,1.531,0.398,1.044,0.927,0.943,0.386,0.735,0.200,0.502,0.357,0.520,0.311,0.320,-0.115,0.292,0.271,0.139,0.863,0.064,2.404,0.065,1.420,0.353,0.777,0.098,0.751,0.914,0.370,1.018,1.056,0.815,0.333,0.844,0.588,0.000,1.059,0.630,0.600,0.419,0.554,0.872,0.890,0.316,0.794,0.899,0.346,0.636,0.679,0.403,0.390,0.493,0.668,0.438,0.263,0.155,0.279,0.536,0.918,0.522,0.374,0.206,0.314,0.388,0.425,0.612,0.173,0.747,0.718,0.618,0.506,0.471,0.854,0.044,0.827,0.413,0.127,0.614,0.216,0.207,0.151,0.342,0.273,0.440,0.332,0.503,1.460,0.616,0.583,1.525,0.144,0.915,0.302,0.531,0.756,0.479,0.351,0.196,0.739,0.409,0.464
2011-11-20 15:00:00,1.729,0.355,1.060,0.768,0.851,0.298,0.771,0.233,0.418,0.448,0.496,0.324,0.292,-0.100,0.359,0.242,0.138,0.847,0.072,2.424,0.080,1.499,0.395,0.751,0.221,0.726,0.876,0.555,0.908,1.070,0.984,0.366,1.074,0.626,0.000,1.236,0.661,0.658,0.388,0.718,1.073,0.923,0.368,0.773,0.905,0.520,0.703,0.661,0.461,0.396,0.464,0.714,0.387,0.269,0.172,0.288,0.524,0.768,0.599,0.302,0.211,0.319,0.368,0.406,0.525,0.191,0.732,0.683,0.630,0.621,0.497,1.035,0.030,0.949,0.643,0.179,0.685,0.231,0.205,0.304,0.393,0.371,0.625,0.382,0.620,1.575,0.711,0.704,1.484,0.151,0.961,0.261,0.539,0.676,0.504,0.414,0.163,0.841,0.454,0.392
2011-11-20 16:00:00,1.678,0.342,1.059,0.824,0.918,0.422,0.728,0.252,0.386,0.527,0.472,0.292,0.308,-0.091,0.326,0.299,0.141,0.811,0.099,2.537,0.079,1.503,0.515,0.813,0.322,0.933,0.991,0.639,0.891,1.107,1.074,0.401,1.205,0.631,0.000,0.960,0.627,0.765,0.401,0.832,1.233,0.946,0.328,0.806,0.966,0.557,0.762,0.680,0.565,0.524,0.445,0.716,0.331,0.284,0.168,0.328,0.566,0.763,0.548,0.471,0.223,0.482,0.461,0.372,0.788,0.174,0.732,0.685,0.726,0.829,0.607,1.252,0.232,1.100,0.746,0.274,0.764,0.244,0.237,0.457,0.411,0.443,0.825,0.377,0.706,1.339,0.766,0.806,1.521,0.155,1.011,0.234,0.583,0.658,0.612,0.478,0.206,0.790,0.452,0.575
2011-11-20 17:00:00,1.927,0.508,0.989,1.064,1.007,0.431,0.634,0.245,0.335,0.526,0.441,0.277,0.283,-0.091,0.346,0.240,0.153,0.710,0.112,2.469,0.066,1.669,0.535,0.867,0.412,0.823,0.851,0.660,0.779,1.084,1.081,0.486,1.265,0.642,0.000,0.999,0.644,0.806,0.411,0.950,1.312,1.003,0.329,1.070,1.055,0.584,0.753,0.716,0.713,0.775,0.388,0.763,0.377,0.259,0.204,0.332,0.541,1.080,0.562,0.464,0.245,0.691,0.595,0.415,1.361,0.045,0.771,0.625,0.833,0.669,0.536,1.332,0.760,1.160,0.747,0.165,0.702,0.247,0.225,0.527,0.376,0.488,0.881,0.330,0.782,1.258,0.807,0.984,1.582,0.155,1.209,0.235,0.654,0.598,0.643,0.500,0.206,0.829,0.602,1.129
2011-11-20 18:00:00,1.823,0.526,1.083,0.957,1.030,0.487,0.678,0.267,0.392,0.618,0.360,0.335,0.271,-0.053,0.498,0.039,0.172,0.730,0.113,2.655,0.068,1.795,0.591,0.983,0.635,0.920,0.996,0.685,0.901,1.038,0.998,0.590,1.312,0.647,0.000,0.932,0.693,0.752,0.405,0.959,1.266,0.937,0.352,1.206,0.966,0.578,0.815,0.779,0.843,0.969,0.371,0.869,0.471,0.273,0.213,0.424,0.570,1.256,0.448,0.635,0.265,0.859,0.706,0.427,1.577,0.161,0.732,0.530,0.840,0.900,0.457,1.263,0.776,1.144,0.705,0.198,0.724,0.270,0.228,0.522,0.302,0.481,0.850,0.329,0.748,1.508,0.845,1.112,1.755,0.150,1.210,0.222,0.653,0.598,0.663,0.535,0.209,0.783,0.685,0.970
2011-11-20 19:00:00,1.380,0.311,0.867,0.698,0.941,0.487,0.451,0.199,0.294,0.526,0.224,0.262,0.210,-0.108,0.380,0.031,0.172,0.570,0.122,2.182,0.066,1.309,0.460,0.750,0.806,0.716,0.872,0.456,0.647,0.998,0.868,0.477,1.282,0.584,0.000,0.655,0.639,0.622,0.371,0.951,1.166,0.811,0.265,0.977,1.115,0.558,0.791,0.887,0.838,1.071,0.426,0.972,0.640,0.319,0.266,0.389,0.590,1.063,0.477,0.591,0.289,0.972,0.630,0.493,1.257,0.063,0.577,0.309,0.694,0.689,0.422,1.107,0.865,1.082,0.710,0.192,0.698,0.248,0.144,0.452,0.273,0.440,0.781,0.364,0.703,1.207,0.808,1.118,1.714,0.134,1.126,0.176,0.606,0.514,0.556,0.454,0.200,0.662,0.667,0.404
2011-11-20 20:00:00,1.091,0.367,0.671,0.697,0.791,0.508,0.156,0.085,0.212,0.387,0.123,0.190,0.128,-0.210,0.171,0.039,0.169,0.255,0.118,2.037,0.046,1.071,0.221,0.500,0.628,0.439,0.477,0.311,0.247,0.818,0.678,0.297,1.082,0.458,0.000,0.578,0.502,0.468,0.377,0.881,1.000,0.630,0.054,0.519,1.040,0.439,0.764,0.877,0.903,1.101,0.515,1.025,0.636,0.402,0.314,0.367,0.591,0.969,0.308,0.525,0.305,1.034,0.552,0.513,0.720,-0.047,0.387,0.273,0.507,0.422,0.406,0.791,0.847,0.934,0.735,0.101,0.738,0.219,0.104,0.221,0.243,0.365,0.707,0.308,0.562,0.864,0.676,0.915,1.715,0.115,1.033,0.162,0.555,0.392,0.451,0.282,0.143,0.558,0.447,0.272
2011-11-20 21:00:00,0.863,0.588,0.781,0.563,0.799,0.375,0.297,0.091,0.058,0.441,0.108,0.175,0.181,-0.154,0.178,-0.049,0.169,0.327,0.124,2.149,0.050,0.883,0.249,0.558,0.614,0.710,0.432,0.284,0.354,0.834,0.441,0.309,1.082,0.457,0.000,0.426,0.430,0.432,0.402,0.868,0.948,0.593,-0.034,0.492,1.128,0.403,0.753,0.792,1.003,1.148,0.559,1.071,0.651,0.433,0.278,0.338,0.503,0.979,0.264,0.458,0.283,0.888,0.505,0.553,0.886,0.095,0.385,0.266,0.526,0.531,0.582,0.515,0.847,0.818,0.742,0.109,0.703,0.220,0.058,0.128,0.207,0.318,0.651,0.289,0.524,0.866,0.683,0.808,1.667,0.093,0.920,0.136,0.532,0.306,0.420,0.271,0.129,0.544,0.404,0.285
2011-11-20 22:00:00,0.732,0.585,0.763,0.413,0.822,0.375,0.150,0.085,-0.144,0.361,-0.102,0.118,0.078,-0.169,0.057,-0.085,0.175,0.229,0.125,2.026,0.060,0.388,0.212,0.403,0.666,0.532,0.313,0.111,0.419,0.746,0.286,0.100,1.085,0.461,0.000,0.354,0.345,0.422,0.418,0.881,0.899,0.558,-0.126,0.487,1.074,0.401,0.606,0.736,1.081,0.973,0.509,1.071,0.619,0.384,0.239,0.283,0.416,1.026,0.188,0.248,0.275,0.800,0.569,0.493,0.856,0.003,0.331,0.156,0.403,0.423,0.335,0.454,0.838,0.700,0.695,0.187,0.702,0.258,0.066,0.165,0.158,0.265,0.557,0.327,0.498,0.904,0.625,0.758,1.670,0.060,0.906,0.125,0.521,0.216,0.415,0.314,0.129,0.502,0.435,0.302
2011-11-20 23:00:00,0.460,0.407,0.610,0.315,0.733,0.340,0.175,0.123,-0.128,0.255,-0.021,0.138,0.058,-0.183,0.062,-0.036,0.179,0.095,0.127,1.924,0.059,0.488,0.247,0.371,0.482,0.375,0.048,0.371,0.335,0.664,0.173,0.054,1.039,0.455,0.000,0.413,0.262,0.430,0.401,0.751,0.790,0.459,-0.223,0.393,0.979,0.400,0.544,0.672,0.928,0.742,0.460,1.035,0.554,0.316,0.241,0.274,0.303,0.886,0.215,0.258,0.258,0.712,0.571,0.466,0.651,-0.008,0.169,0.317,0.310,0.534,0.224,0.399,0.823,0.600,0.678,0.295,0.597,0.247,0.084,0.176,0.111,0.273,0.372,0.301,0.456,0.664,0.561,0.650,1.739,0.070,0.863,0.124,0.537,0.136,0.364,0.335,0.053,0.487,0.450,0.179
2011-11-21 00:00:00,0.402,0.259,0.413,0.293,0.762,0.181,0.126,0.102,-0.056,0.262,-0.079,0.145,0.104,-0.189,-0.045,-0.031,0.178,0.087,0.136,1.718,0.067,0.392,0.226,0.172,0.484,0.315,0.043,0.177,0.241,0.580,0.187,-0.000,1.050,0.352,0.000,0.187,0.187,0.392,0.383,0.507,0.758,0.462,-0.255,0.428,1.021,0.422,0.468,0.658,0.834,0.548,0.528,0.990,0.439,0.253,0.238,0.232,0.254,0.802,0.107,0.198,0.250,0.557,0.461,0.422,0.577,-0.029,0.143,0.251,0.199,0.319,0.328,0.330,0.837,0.528,0.580,0.169,0.561,0.228,0.101,0.186,0.120,0.267,0.348,0.315,0.412,0.565,0.560,0.525,1.632,0.094,0.817,0.138,0.578,0.093,0.307,0.297,0.065,0.427,0.336,0.040
2011-11-21 01:00:00,0.172,0.114,0.395,0.263,0.784,0.060,0.088,0.099,-0.042,0.252,-0.041,0.120,0.101,-0.203,-0.105,0.027,0.179,-0.022,0.133,1.742,0.060,0.329,0.211,0.004,0.138,0.172,0.024,0.008,0.204,0.508,0.272,-0.031,1.061,0.402,0.000,0.387,0.203,0.352,0.375,0.397,0.566,0.416,-0.217,0.560,0.900,0.394,0.411,0.628,0.759,0.451,0.548,0.935,0.343,0.201,0.224,0.222,0.180,0.598,0.122,0.203,0.221,0.418,0.348,0.347,0.408,-0.043,0.023,0.266,0.110,0.272,0.139,0.333,0.819,0.490,0.555,0.062,0.539,0.216,0.072,0.205,0.131,0.304,0.281,0.477,0.405,0.547,0.583,0.478,1.602,0.121,0.827,0.132,0.531,0.099,0.275,0.320,0.055,0.397,0.328,-0.070
2011-11-21 02:00:00,0.245,0.210,0.360,0.204,0.648,0.016,0.066,0.056,-0.086,0.268,0.080,0.081,0.117,-0.226,-0.135,0.035,0.173,0.001,0.134,1.757,0.059,0.206,0.115,-0.019,-0.060,0.292,0.208,-0.138,0.250,0.514,0.251,-0.006,1.028,0.327,0.000,0.416,0.193,0.256,0.324,0.407,0.424,0.415,-0.192,0.655,0.980,0.335,0.392,0.630,0.767,0.319,0.456,0.920,0.308,0.243,0.215,0.211,0.200,1.016,0.160,0.281,0.195,0.368,0.424,0.336,0.410,-0.021,0.070,0.288,0.191,0.151,0.084,0.271,0.840,0.472,0.612,0.128,0.492,0.197,0.124,0.178,0.129,0.299,0.307,0.504,0.447,0.657,0.601,0.434,1.543,0.154,0.754,0.138,0.538,0.110,0.265,0.319,0.068,0.488,0.319,-0.058
2011-11-21 03:00:00,0.136,0.127,0.505,0.262,0.632,0.025,0.085,0.036,-0.122,0.180,-0.034,0.086,0.128,-0.235,-0.176,0.138,0.166,-0.056,0.125,1.742,0.046,0.213,0.036,0.024,-0.159,0.266,0.250,-0.113,0.479,0.478,0.280,0.029,0.892,0.286,0.000,0.432,0.255,0.178,0.304,0.419,0.379,0.417,-0.083,0.722,0.913,0.234,0.399,0.639,0.675,0.264,0.472,0.880,0.322,0.301,0.236,0.309,0.203,1.009,0.198,0.283,0.196,0.551,0.409,0.326,0.390,-0.096,0.078,0.156,0.235,0.233,0.224,0.239,0.837,0.472,0.594,0.240,0.447,0.197,0.070,0.135,0.097,0.256,0.549,0.664,0.424,0.629,0.573,0.455,1.528,0.172,0.762,0.120,0.493,0.116,0.254,0.305,0.075,0.534,0.401,0.507
2011-11-21 04:00:00,0.071,0.020,0.481,0.374,0.753,-0.130,0.040,-0.002,-0.011,0.141,-0.089,0.074,-0.079,-0.275,-0.181,0.163,0.159,-0.005,0.120,1.690,0.052,0.110,-0.098,0.102,-0.364,0.350,0.302,-0.207,0.114,0.519,0.293,0.035,0.822,0.318,0.000,0.427,0.257,0.152,0.273,0.515,0.332,0.441,-0.102,0.659,0.869,0.161,0.460,0.606,0.598,0.272,0.451,0.838,0.351,0.226,0.240,0.220,0.254,1.071,0.207,0.240,0.203,0.749,0.390,0.362,0.441,-0.200,0.122,0.114,0.251,0.081,-0.043,0.248,0.777,0.477,0.435,0.203,0.431,0.194,0.099,0.083,0.157,0.247,0.583,0.586,0.361,0.468,0.551,0.525,1.343,0.124,0.764,0.147,0.452,0.104,0.281,0.300,0.094,0.519,0.256,0.636
2011-11-21 05:00:00,0.174,0.090,0.358,0.353,0.675,-0.100,0.065,-0.038,-0.043,0.289,-0.080,0.069,-0.015,-0.295,-0.035,0.119,0.161,-0.013,0.113,1.777,0.040,0.096,-0.152,0.156,-0.495,0.430,0.340,-0.255,0.046,0.528,0.310,0.021,0.704,0.278,0.000,0.375,0.263,0.161,0.308,0.417,0.277,0.422,-0.171,0.558,0.945,0.043,0.575,0.666,0.461,0.363,0.470,0.802,0.407,0.192,0.284,0.247,0.338,1.229,0.278,0.228,0.220,1.016,0.463,0.344,0.334,-0.164,0.187,0.113,0.305,0.023,-0.190,0.254,0.804,0.538,0.371,0.200,0.441,0.202,0.092,0.044,0.177,0.192,0.573,0.634,0.468,0.605,0.498,0.496,1.126,0.090,0.799,0.157,0.411,0.131,0.279,0.263,0.127,0.494,0.292,0.177
2011-11-21 06:00:00,0.362,0.041,0.479,0.477,0.697,-0.116,0.073,-0.050,-0.115,0.400,-0.115,0.081,-0.007,-0.294,0.052,0.072,0.158,0.087,0.098,1.723,0.042,0.252,-0.168,0.329,-0.532,0.367,0.503,-0.421,0.050,0.643,0.441,0.068,0.659,0.279,0.000,0.292,0.255,0.162,0.311,0.408,0.329,0.318,-0.182,0.446,0.961,0.003,0.644,0.668,0.338,0.367,0.449,0.681,0.415,0.269,0.272,0.177,0.408,0.901,0.312,0.293,0.211,1.052,0.371,0.343,0.452,-0.168,0.270,0.094,0.344,0.103,-0.053,0.287,0.841,0.535,0.305,0.347,0.453,0.221,0.070,-0.006,0.145,0.219,0.619,0.470,0.458,0.452,0.479,0.522,1.063,0.056,0.754,0.187,0.402,0.195,0.367,0.251,0.176,0.490,0.300,0.170
2011-11-21 07:00:00,0.410,0.108,0.494,0.577,0.660,-0.086,-0.024,-0.057,-0.265,0.337,-0.049,0.079,-0.042,-0.287,-0.012,0.092,0.158,0.020,0.090,2.034,0.057,0.014,-0.115,0.250,-0.314,0.164,0.342,-0.565,-0.073,0.732,0.579,0.054,0.680,0.302,0.000,0.260,0.276,0.201,0.341,0.375,0.400,0.261,-0.211,0.364,0.970,-0.014,0.685,0.669,0.196,0.359,0.469,0.633,0.443,0.495,0.265,0.099,0.492,0.586,0.271,0.237,0.204,0.946,0.286,0.322,0.485,-0.145,0.309,0.055,0.307,0.065,-0.178,0.338,0.258,0.491,0.369,0.536,0.574,0.242,0.056,0.018,0.141,0.238,0.626,0.482,0.416,0.373,0.462,0.606,0.899,0.037,0.751,0.141,0.424,0.321,0.419,0.231,0.212,0.436,0.291,0.523
2011-11-21 08:00:00,0.423,-0.125,0.484,0.657,0.532,-0.115,-0.080,-0.067,-0.312,0.177,-0.092,0.091,-0.025,-0.340,-0.105,0.018,0.162,-0.041,0.093,1.818,0.054,0.176,-0.032,0.225,-0.261,-0.010,0.101,-0.439,-0.123,0.797,0.730,0.028,0.679,0.306,0.000,0.282,0.259,0.219,0.370,0.308,0.478,0.131,-0.258,0.563,0.878,0.052,0.778,0.637,0.104,0.414,0.481,0.662,0.549,0.469,0.250,0.123,0.525,0.776,0.313,0.300,0.212,0.723,0.485,0.281,0.390,-0.160,0.416,0.124,0.183,0.134,-0.256,0.312,0.055,0.479,0.465,0.362,0.749,0.232,0.065,0.037,0.132,0.258,0.614,0.400,0.406,0.567,0.464,0.661,0.844,0.023,0.831,0.140,0.479,0.362,0.431,0.202,0.320,0.401,0.166,0.441
2011-11-21 09:00:00,0.376,0.044,0.662,0.577,0.733,-0.046,0.070,-0.056,-0.199,0.222,-0.077,0.058,0.080,-0.285,-0.143,0.098,0.172,-0.047,0.098,1.954,0.058,0.251,0.292,0.365,0.004,0.150,0.068,-0.568,0.014,0.935,0.803,0.046,0.805,0.309,0.000,0.295,0.231,0.238,0.406,0.282,0.711,0.089,-0.319,0.980,0.894,0.124,0.872,0.633,0.232,0.419,0.554,0.656,0.576,0.307,0.198,0.184,0.500,0.783,0.482,0.268,0.209,0.334,0.809,0.296,0.679,-0.155,0.609,0.058,0.222,0.242,-0.272,0.292,0.065,0.519,0.433,0.087,0.672,0.245,0.056,0.107,0.154,0.294,0.674,0.508,0.447,0.589,0.466,0.696,0.890,0.014,0.853,0.141,0.531,0.405,0.599,0.197,0.253,0.414,0.287,0.157
2011-11-21 10:00:00,0.476,0.063,0.844,0.602,0.740,-0.038,0.010,-0.068,-0.235,0.300,0.031,0.030,0.045,-0.317,-0.120,0.017,0.170,-0.167,0.107,1.821,0.060,0.019,0.266,0.255,0.354,0.076,0.103,-0.493,-0.104,0.963,0.775,0.029,0.840,0.336,0.000,0.391,0.215,0.280,0.370,0.140,0.829,0.083,-0.320,1.412,0.886,0.119,0.885,0.633,0.513,0.419,0.509,0.694,0.511,0.244,0.185,0.281,0.430,0.700,0.555,0.307,0.199,0.163,0.672,0.258,0.480,-0.144,0.612,0.055,0.301,0.197,-0.183,0.397,0.053,0.562,0.458,0.221,0.616,0.250,0.076,0.157,0.160,0.291,0.398,0.380,0.457,0.689,0.484,0.709,0.787,-0.002,0.798,0.130,0.562,0.439,0.548,0.206,0.203,0.384,0.341,-0.033
2011-11-21 11:00:00,0.411,0.013,0.870,0.565,0.630,0.002,0.064,-0.059,-0.091,0.263,0.145,0.099,0.176,-0.305,-0.053,0.046,0.163,-0.187,0.113,1.796,0.069,0.231,0.276,0.269,0.431,0.244,0.060,-0.371,0.244,1.026,0.884,0.095,0.727,0.362,0.000,0.356,0.182,0.373,0.309,0.152,0.851,0.053,-0.379,1.586,0.898,0.122,0.808,0.608,0.941,0.438,0.348,0.685,0.345,0.232,0.205,0.175,0.372,0.908,0.562,0.316,0.195,0.180,0.422,0.288,0.244,0.034,0.637,0.041,0.367,0.209,-0.019,0.373,0.048,0.514,0.488,0.419,0.575,0.242,0.063,0.130,0.160,0.379,0.244,0.392,0.472,1.022,0.522,0.675,0.967,-0.001,0.829,0.117,0.562,0.469,0.614,0.191,0.140,0.395,0.330,-0.205
2011-11-21 12:00:00,0.385,0.014,0.642,0.495,0.689,-0.037,0.142,-0.046,-0.015,0.244,0.179,0.085,0.173,-0.286,-0.112,0.023,0.149,-0.182,0.091,1.865,0.060,0.197,0.183,0.150,0.433,0.339,0.076,-0.513,0.136,1.041,0.762,0.020,0.768,0.368,0.000,0.351,0.217,0.538,0.262,0.282,0.906,0.110,-0.378,1.387,0.935,0.157,0.809,0.614,1.131,0.398,0.355,0.637,0.292,0.223,0.275,0.129,0.364,0.525,0.444,0.255,0.191,0.264,0.400,0.341,0.301,-0.079,0.675,0.066,0.372,0.340,-0.010,0.383,0.028,0.441,0.502,0.560,0.539,0.252,0.094,0.105,0.176,0.412,0.243,0.390,0.443,1.039,0.560,0.710,1.008,0.034,0.792,0.118,0.578,0.500,0.637,0.215,0.154,0.434,0.322,-0.350
2011-11-21 13:00:00,0.422,-0.012,0.647,0.399,0.680,-0.039,0.294,-0.035,-0.066,0.315,0.148,0.138,0.110,-0.274,-0.108,-0.030,0.153,-0.121,0.085,1.797,0.067,0.093,0.131,0.046,0.361,0.115,0.064,-0.486,0.226,0.915,0.817,0.037,0.796,0.421,0.000,0.358,0.258,0.725,0.258,0.253,0.981,0.194,-0.427,1.193,0.784,0.176,0.823,0.577,1.082,0.420,0.383,0.657,0.380,0.280,0.358,0.137,0.386,0.634,0.345,0.311,0.197,0.421,0.455,0.386,0.319,-0.024,0.648,0.215,0.369,0.223,-0.019,0.389,0.028,0.478,0.463,0.579,0.477,0.240,0.070,0.134,0.186,0.374,0.226,0.349,0.491,1.011,0.590,0.660,1.165,0.067,0.850,0.120,0.532,0.432,0.654,0.220,0.147,0.474,0.468,-0.197
2011-11-21 14:00:00,0.395,-0.000,0.573,0.382,0.713,0.048,0.355,-0.007,-0.003,0.255,0.134,0.156,0.081,-0.319,-0.045,0.075,0.150,0.017,0.099,1.776,0.085,0.133,0.202,-0.001,0.385,0.280,0.129,-0.436,0.309,1.003,0.762,0.074,0.818,0.427,0.000,0.372,0.270,0.898,0.280,0.297,0.889,0.239,-0.430,0.919,0.787,0.183,0.830,0.609,1.009,0.443,0.418,0.692,0.408,0.281,0.367,0.089,0.405,0.797,0.223,0.237,0.228,0.492,0.367,0.376,0.343,-0.045,0.678,0.238,0.382,0.112,0.187,0.381,-0.000,0.537,0.445,0.838,0.462,0.225,0.103,0.158,0.194,0.362,0.276,0.301,0.576,1.108,0.600,0.625,1.219,0.107,0.835,0.108,0.489,0.432,0.616,0.184,0.102,0.548,0.416,0.052
2011-11-21 15:00:00,0.516,0.203,0.493,0.463,0.793,0.027,0.457,0.015,-0.014,0.240,0.121,0.175,0.194,-0.309,0.042,0.101,0.147,0.002,0.090,1.822,0.072,0.597,0.192,0.101,0.510,0.092,0.109,-0.391,0.281,0.948,0.692,0.144,0.890,0.469,0.000,0.404,0.328,0.915,0.300,0.333,0.850,0.322,-0.247,0.641,0.848,0.212,0.871,0.659,0.944,0.555,0.409,0.771,0.474,0.203,0.371,0.044,0.470,0.925,0.125,0.321,0.228,0.568,0.582,0.385,0.296,-0.047,0.580,0.406,0.455,0.446,0.264,0.379,0.008,0.495,0.414,1.489,0.439,0.203,0.092,0.172,0.185,0.378,0.612,0.335,0.547,1.076,0.755,0.591,1.303,0.126,0.866,0.121,0.476,0.403,0.533,0.136,0.104,0.586,0.472,-0.201
2011-11-21 16:00:00,0.426,0.083,0.403,0.482,0.662,0.073,0.467,0.000,0.114,0.224,0.111,0.168,0.126,-0.296,0.034,-0.014,0.145,0.116,0.098,1.752,0.069,0.712,0.043,0.025,0.389,0.219,0.218,-0.251,0.072,0.953,0.688,0.199,0.952,0.589,0.000,0.411,0.379,0.931,0.394,0.543,0.927,0.298,-0.112,0.575,0.867,0.260,0.771,0.650,0.864,0.560,0.485,0.809,0.507,0.231,0.345,0.074,0.543,1.207,0.106,0.374,0.265,0.543,0.515,0.380,0.254,-0.097,0.536,0.381,0.399,0.235,0.085,0.458,0.547,0.485,0.478,1.777,0.550,0.218,0.104,0.218,0.160,0.436,0.502,0.341,0.553,1.136,0.899,0.619,1.274,0.107,1.040,0.124,0.426,0.436,0.571,0.153,0.124,0.613,0.532,-0.094
2011-11-21 17:00:00,0.288,0.020,0.339,0.608,0.663,0.108,0.411,0.012,0.141,0.206,0.117,0.147,0.163,-0.327,0.285,0.104,0.161,0.039,0.124,1.756,0.058,0.906,0.139,0.095,0.287,0.563,0.292,-0.235,0.118,0.908,0.762,0.226,1.067,0.645,0.000,0.508,0.387,0.925,0.459,0.797,1.124,0.347,-0.077,0.702,1.012,0.249,0.748,0.680,0.948,0.698,0.412,0.781,0.477,0.258,0.342,0.296,0.672,1.190,0.136,0.454,0.257,0.663,0.402,0.367,0.730,-0.116,0.540,0.372,0.400,0.290,-0.003,0.457,0.773,0.539,0.485,1.710,0.583,0.234,0.136,0.349,0.193,0.456,0.487,0.335,0.552,1.126,1.036,0.666,1.337,0.083,1.267,0.142,0.451,0.449,0.582,0.206,0.166,0.668,0.618,0.727
2011-11-21 18:00:00,0.410,0.272,0.469,0.707,0.594,0.034,0.372,-0.006,-0.011,0.220,0.063,0.103,0.102,-0.343,0.227,-0.041,0.167,0.024,0.122,1.871,0.049,1.286,-0.005,0.226,0.219,0.411,0.263,-0.233,-0.034,0.836,0.860,0.351,1.082,0.745,0.000,0.453,0.398,0.922,0.518,0.823,1.246,0.352,0.015,0.734,0.966,0.251,0.719,0.748,0.993,0.866,0.335,0.812,0.457,0.344,0.360,0.396,0.745,0.845,0.199,0.471,0.280,0.840,0.420,0.416,0.810,-0.260,0.557,0.373,0.477,0.482,0.144,0.440,0.761,0.599,0.495,1.696,0.627,0.247,0.121,0.447,0.184,0.451,0.504,0.242,0.613,0.836,1.136,0.724,1.268,0.063,1.274,0.132,0.453,0.443,0.639,0.266,0.245,0.709,0.706,0.739
2011-11-21 19:00:00,0.663,0.220,0.830,0.665,0.939,0.205,0.681,0.135,0.071,0.495,0.116,0.142,0.189,-0.179,0.586,-0.056,0.173,0.205,0.144,2.116,0.060,1.486,0.373,0.625,0.853,1.005,0.788,-0.179,0.402,0.937,0.877,0.568,1.242,0.845,0.000,0.423,0.489,0.934,0.525,1.060,1.338,0.505,-0.036,0.643,1.025,0.405,0.683,0.767,1.056,0.860,0.424,0.841,0.524,0.295,0.313,0.438,0.796,0.824,0.246,0.441,0.298,1.061,0.492,0.408,1.172,0.076,0.641,0.291,0.722,0.479,0.219,0.512,0.856,0.651,0.593,1.631,0.736,0.290,0.165,0.563,0.198,0.472,0.596,0.377,0.578,1.217,1.268,0.859,1.536,0.070,1.559,0.114,0.477,0.468,0.796,0.442,0.344,0.704,0.781,0.342
2011-11-21 20:00:00,0.664,0.208,0.792,0.732,1.037,0.102,0.590,0.153,0.239,0.359,-0.077,0.180,0.066,-0.200,0.322,-0.100,0.190,0.089,0.158,1.977,0.073,1.523,0.467,0.535,1.110,0.668,0.813,-0.119,0.368,0.911,0.877,0.478,1.257,0.801,0.000,0.406,0.467,0.959,0.500,0.986,1.235,0.481,-0.058,0.379,1.064,0.501,0.757,0.812,1.124,0.931,0.467,0.864,0.639,0.317,0.262,0.415,0.763,0.904,0.271,0.413,0.284,1.032,0.448,0.457,0.735,0.096,0.495,0.266,0.687,0.589,0.187,0.458,0.847,0.687,0.510,1.433,0.926,0.316,0.195,0.638,0.156,0.436,0.590,0.368,0.518,1.155,1.239,0.863,1.494,0.092,1.619,0.116,0.532,0.506,0.855,0.491,0.362,0.605,0.707,0.264
2011-11-21 21:00:00,0.591,0.144,0.849,0.700,1.015,0.116,0.639,0.186,0.246,0.359,0.067,0.222,0.141,-0.177,0.447,-0.021,0.186,-0.061,0.159,1.958,0.073,1.691,0.627,0.476,1.237,0.514,0.720,-0.076,0.291,0.833,0.629,0.476,1.297,0.725,0.000,0.433,0.451,0.969,0.476,0.766,1.090,0.472,-0.127,0.351,1.082,0.544,0.687,0.811,1.088,0.868,0.547,0.966,0.602,0.309,0.258,0.284,0.611,1.004,0.258,0.351,0.273,0.769,0.481,0.444,0.395,0.210,0.341,0.291,0.620,0.728,0.041,0.474,0.855,0.573,0.645,1.160,0.885,0.361,0.173,0.614,0.162,0.431,0.649,0.321,0.514,0.666,1.166,0.843,1.469,0.141,1.596,0.108,0.614,0.462,0.719,0.477,0.421,0.522,0.734,0.185
2011-11-21 22:00:00,0.635,0.076,0.944,0.527,0.961,0.086,0.575,0.149,0.020,0.315,0.071,0.180,0.163,-0.147,0.356,-0.096,0.189,-0.012,0.168,1.807,0.081,1.380,0.577,0.273,1.161,0.692,0.813,-0.083,0.299,0.797,0.481,0.440,1.315,0.572,0.000,0.414,0.427,0.874,0.398,0.693,1.054,0.489,-0.177,0.393,1.182,0.533,0.590,0.753,1.098,0.706,0.499,1.080,0.490,0.330,0.244,0.183,0.483,0.888,0.267,0.340,0.234,0.566,0.417,0.424,0.434,0.171,0.227,0.310,0.540,0.438,-0.053,0.419,0.851,0.565,0.616,1.104,0.769,0.331,0.170,0.489,0.195,0.403,0.309,0.330,0.470,0.748,1.058,0.831,1.456,0.148,1.263,0.096,0.786,0.462,0.525,0.442,0.384,0.450,0.606,-0.022
2011-11-21 23:00:00,0.491,0.050,0.813,0.334,0.916,0.045,0.416,0.132,-0.074,0.336,-0.037,0.142,0.141,-0.149,0.399,-0.036,0.194,-0.151,0.167,1.768,0.081,1.001,0.568,0.108,1.024,0.772,0.759,-0.082,0.462,0.710,0.365,0.348,1.237,0.468,0.000,0.394,0.439,0.700,0.341,0.610,0.892,0.460,-0.168,0.477,1.085,0.548,0.524,0.724,1.034,0.559,0.357,1.053,0.479,0.449,0.257,0.218,0.430,0.718,0.272,0.295,0.201,0.392,0.449,0.467,0.514,0.057,0.132,0.255,0.513,0.208,-0.209,0.415,0.867,0.585,0.558,1.134,0.602,0.297,0.168,0.358,0.212,0.355,0.265,0.281,0.417,0.727,0.837,0.791,1.427,0.147,1.052,0.091,0.787,0.378,0.427,0.424,0.375,0.393,0.643,-0.240
2011-11-22 00:00:00,0.451,-0.024,0.582,0.374,0.741,0.051,0.231,0.082,0.053,0.263,-0.050,0.150,-0.011,-0.225,0.353,-0.050,0.194,-0.224,0.157,1.647,0.068,1.003,0.254,0.009,0.583,0.700,0.668,-0.076,0.230,0.621,0.327,0.323,1.136,0.321,0.000,0.247,0.397,0.503,0.285,0.533,0.714,0.445,-0.230,0.699,1.059,0.483,0.462,0.683,0.814,0.482,0.538,1.037,0.480,0.395,0.280,0.304,0.374,0.839,0.293,0.286,0.224,0.401,0.505,0.442,0.473,-0.038,0.109,0.311,0.425,0.157,-0.068,0.401,0.826,0.612,0.252,1.141,0.585,0.252,0.128,0.225,0.201,0.291,0.253,0.304,0.393,0.386,0.631,0.692,1.390,0.150,0.853,0.134,0.586,0.326,0.329,0.359,0.213,0.381,0.640,-0.335
2011-11-22 01:00:00,0.248,-0.114,0.573,0.360,0.727,0.074,0.181,0.064,0.152,0.137,-0.037,0.159,0.073,-0.249,0.399,0.023,0.173,-0.171,0.149,1.584,0.061,0.918,0.194,0.002,0.224,0.739,0.752,-0.072,0.313,0.596,0.340,0.370,0.977,0.302,0.000,0.207,0.388,0.368,0.296,0.459,0.574,0.434,-0.288,0.709,0.908,0.374,0.500,0.625,0.551,0.420,0.492,0.929,0.496,0.347,0.266,0.357,0.241,0.761,0.273,0.303,0.180,0.398,0.457,0.342,0.375,0.016,0.088,0.200,0.383,-0.039,-0.036,0.391,0.838,0.548,0.309,0.990,0.546,0.222,0.118,0.152,0.225,0.223,0.303,0.402,0.378,0.365,0.488,0.570,1.327,0.136,0.753,0.129,0.567,0.277,0.285,0.306,0.192,0.362,0.457,-0.448
2011-11-22 02:00:00,0.173,-0.081,0.585,0.269,0.806,-0.066,-0.046,0.015,0.081,0.060,-0.085,0.123,-0.050,-0.291,0.300,0.001,0.171,-0.104,0.138,1.560,0.052,0.658,0.045,-0.174,-0.173,0.643,0.766,-0.213,0.026,0.578,0.340,0.356,0.851,0.296,0.000,0.102,0.374,0.292,0.298,0.434,0.378,0.388,-0.393,0.649,0.987,0.208,0.532,0.643,0.381,0.286,0.474,0.879,0.499,0.278,0.272,0.319,0.194,0.739,0.254,0.341,0.202,0.390,0.447,0.359,0.176,-0.110,0.098,0.186,0.278,-0.027,-0.152,0.324,0.821,0.484,0.348,1.022,0.433,0.236,0.090,0.055,0.248,0.197,0.211,0.476,0.300,0.385,0.367,0.458,1.142,0.101,0.643,0.145,0.488,0.234,0.206,0.245,0.100,0.340,0.414,-0.316
2011-11-22 03:00:00,0.062,0.009,0.448,0.287,0.551,-0.062,-0.168,-0.067,0.027,0.065,0.004,0.097,-0.102,-0.351,0.313,0.037,0.147,-0.136,0.123,1.530,0.034,0.584,-0.176,-0.215,-0.453,0.283,0.497,-0.222,-0.109,0.528,0.289,0.277,0.749,0.230,0.000,0.029,0.340,0.255,0.316,0.424,0.207,0.344,-0.452,0.460,0.977,0.079,0.528,0.605,0.317,0.314,0.427,0.832,0.444,0.248,0.244,0.365,0.173,0.727,0.250,0.279,0.166,0.373,0.371,0.373,-0.076,-0.124,0.084,0.160,0.205,-0.166,-0.265,0.213,0.839,0.447,0.317,1.174,0.352,0.235,0.079,-0.019,0.244,0.145,0.452,0.607,0.258,0.338,0.214,0.449,1.011,0.033,0.547,0.138,0.505,0.160,0.244,0.180,0.104,0.388,0.299,0.406
2011-11-22 04:00:00,0.158,0.016,0.346,0.445,0.427,-0.065,-0.247,-0.152,-0.018,0.112,-0.111,0.097,-0.086,-0.385,0.374,0.055,0.143,0.009,0.108,1.599,0.037,0.556,-0.333,-0.137,-0.818,0.089,0.541,-0.444,-0.294,0.537,0.233,0.226,0.866,0.220,0.000,-0.036,0.306,0.200,0.359,0.430,0.134,0.263,-0.465,0.314,0.902,0.005,0.584,0.561,0.329,0.287,0.418,0.784,0.498,0.263,0.245,0.285,0.202,0.878,0.194,0.207,0.176,0.392,0.393,0.284,0.149,-0.213,0.132,0.101,0.081,-0.232,-0.200,0.234,0.869,0.463,0.420,1.141,0.423,0.250,0.074,-0.050,0.180,0.097,0.426,0.579,0.234,0.160,0.130,0.496,0.964,-0.023,0.559,0.134,0.484,0.151,0.163,0.112,0.079,0.337,0.107,0.696
2011-11-22 05:00:00,0.299,0.043,0.304,0.358,0.571,-0.066,-0.158,-0.157,-0.260,0.054,-0.148,-0.001,-0.082,-0.353,0.407,0.048,0.158,0.060,0.099,1.818,0.050,0.173,-0.209,0.077,-0.801,0.382,0.624,-0.685,-0.255,0.614,0.336,0.245,0.738,0.307,0.000,0.031,0.276,0.216,0.393,0.412,0.173,0.193,-0.348,0.232,0.983,-0.064,0.683,0.589,0.293,0.277,0.464,0.774,0.448,0.285,0.270,0.270,0.262,1.064,0.247,0.263,0.214,0.578,0.431,0.288,0.484,-0.234,0.295,0.057,0.116,-0.143,-0.239,0.241,0.847,0.452,0.469,1.053,0.448,0.235,0.058,-0.015,0.165,0.121,0.508,0.542,0.289,0.338,0.150,0.508,0.991,-0.083,0.858,0.117,0.437,0.161,0.239,0.089,0.115,0.402,0.160,0.108
2011-11-22 06:00:00,0.480,0.017,0.365,0.606,0.656,-0.094,-0.156,-0.145,-0.411,0.094,-0.237,-0.042,-0.075,-0.395,0.447,-0.125,0.159,0.080,0.083,2.036,0.057,0.039,-0.195,0.253,-0.550,0.236,0.929,-0.540,-0.250,0.624,0.493,0.188,0.652,0.401,0.000,0.118,0.229,0.172,0.412,0.352,0.272,0.117,-0.268,0.193,0.968,-0.072,0.781,0.662,0.211,0.382,0.485,0.751,0.585,0.343,0.303,0.241,0.322,0.958,0.360,0.302,0.200,0.609,0.390,0.322,0.534,-0.268,0.440,0.025,0.092,0.024,-0.179,0.238,0.839,0.474,0.473,1.035,0.564,0.252,0.069,0.014,0.153,0.118,0.602,0.445,0.384,0.384,0.209,0.498,0.961,-0.073,0.812,0.151,0.348,0.244,0.240,0.063,0.193,0.521,0.161,0.014
2011-11-22 07:00:00,0.556,0.094,0.664,0.921,0.698,0.055,0.091,-0.066,0.115,0.150,-0.092,-0.011,0.080,-0.344,0.471,-0.102,0.163,0.008,0.064,2.314,0.070,0.423,0.114,0.551,-0.038,0.435,0.923,-0.454,0.062,0.696,0.603,0.301,0.555,0.575,0.000,0.183,0.259,0.185,0.351,0.381,0.476,0.114,-0.199,0.255,1.077,0.018,0.754,0.690,0.201,0.398,0.516,0.761,0.647,0.388,0.263,0.217,0.362,1.070,0.306,0.389,0.248,0.606,0.586,0.400,0.596,-0.054,0.547,-0.064,0.242,0.147,-0.037,0.290,0.151,0.460,0.610,0.993,0.821,0.276,0.088,0.166,0.164,0.145,0.628,0.348,0.558,0.764,0.357,0.535,1.439,-0.013,1.046,0.228,0.610,0.351,0.388,0.139,0.323,0.601,0.202,0.299
2011-11-22 08:00:00,0.748,0.120,0.877,0.790,0.784,0.022,0.163,-0.009,0.377,0.043,0.193,-0.015,0.123,-0.343,0.397,-0.146,0.151,0.030,0.058,2.265,0.077,0.323,0.206,0.411,0.203,0.528,0.990,-0.425,-0.026,0.804,0.601,0.308,0.664,0.678,0.000,0.322,0.253,0.256,0.358,0.323,0.612,0.219,-0.165,0.599,0.948,0.031,0.708,0.744,0.282,0.446,0.539,0.759,0.654,0.447,0.222,0.223,0.367,1.010,0.265,0.397,0.236,0.623,0.427,0.452,0.615,0.005,0.590,-0.071,0.278,0.347,0.056,0.371,0.059,0.517,0.684,0.772,1.097,0.321,0.104,0.316,0.191,0.178,0.671,0.359,0.591,1.040,0.461,0.562,1.465,0.019,1.033,0.199,0.767,0.516,0.430,0.200,0.385,0.689,0.369,0.105
2011-11-22 09:00:00,0.710,0.021,0.976,0.681,0.718,-0.014,0.286,-0.031,0.138,0.025,0.238,0.022,0.135,-0.366,0.394,-0.024,0.138,0.003,0.068,2.263,0.074,0.302,0.154,0.175,0.187,0.427,1.169,-0.279,0.159,0.876,0.495,0.222,0.593,0.675,0.000,0.382,0.253,0.308,0.344,0.287,0.478,0.225,-0.143,0.942,0.957,0.077,0.727,0.677,0.372,0.426,0.535,0.763,0.630,0.439,0.220,0.151,0.332,1.186,0.358,0.491,0.282,0.521,0.509,0.464,0.400,0.087,0.593,0.112,0.301,0.384,-0.052,0.493,0.065,0.523,0.715,0.542,0.955,0.369,0.097,0.222,0.195,0.248,0.675,0.393,0.622,1.089,0.497,0.605,1.420,0.043,0.992,0.191,0.870,0.539,0.463,0.183,0.323,0.726,0.421,-0.021
2011-11-22 10:00:00,1.103,0.123,1.240,0.906,0.730,0.090,0.435,-0.038,-0.146,0.204,0.271,0.013,0.277,-0.359,0.454,-0.015,0.125,0.157,0.062,2.246,0.085,0.615,0.125,0.212,0.164,0.918,1.144,-0.213,0.295,1.051,0.500,0.278,0.799,0.634,0.000,0.458,0.249,0.406,0.265,0.343,0.473,0.393,-0.116,1.316,0.960,0.092,0.625,0.592,0.647,0.389,0.533,0.728,0.563,0.386,0.176,0.137,0.367,1.148,0.501,0.454,0.259,0.559,0.369,0.336,0.559,0.014,0.680,0.335,0.356,0.273,0.086,0.643,0.060,0.560,0.651,0.445,0.802,0.338,0.090,0.074,0.218,0.298,0.638,0.337,0.619,1.227,0.599,0.703,1.385,0.075,0.989,0.194,1.054,0.551,0.513,0.169,0.224,0.735,0.570,-0.036
2011-11-22 11:00:00,1.272,0.140,1.258,0.809,0.810,0.118,0.417,-0.069,-0.221,0.202,0.100,0.022,0.197,-0.332,0.401,0.074,0.132,0.323,0.050,2.207,0.071,0.208,-0.022,0.123,0.360,0.917,1.399,-0.241,0.554,1.074,0.522,0.245,0.561,0.698,0.000,0.572,0.309,0.466,0.275,0.288,0.481,0.441,-0.046,1.270,0.801,0.086,0.640,0.562,0.960,0.452,0.436,0.752,0.520,0.326,0.171,0.143,0.373,0.594,0.610,0.610,0.237,0.524,0.734,0.351,0.558,-0.047,0.634,0.306,0.477,0.197,0.075,0.709,0.062,0.569,0.445,0.373,0.855,0.297,0.082,0.030,0.258,0.225,0.654,0.347,0.527,1.079,0.583,0.711,1.543,0.108,0.759,0.203,0.672,0.532,0.446,0.148,0.238,0.757,0.489,-0.126
2011-11-22 12:00:00,1.223,0.080,0.881,0.491,0.803,0.133,0.414,-0.070,-0.195,0.069,0.181,0.056,0.125,-0.395,0.435,0.144,0.116,0.335,0.049,2.138,0.071,0.246,-0.185,0.062,0.052,1.142,0.709,0.021,0.368,1.093,0.527,0.121,0.809,0.728,0.000,0.739,0.294,0.550,0.277,0.365,0.478,0.429,0.052,0.944,0.851,0.142,0.613,0.566,0.932,0.411,0.428,0.781,0.492,0.308,0.201,0.189,0.320,0.511,0.796,0.450,0.218,0.486,0.526,0.387,0.308,-0.116,0.535,0.373,0.459,0.160,0.030,0.725,0.057,0.611,0.305,0.145,0.997,0.301,0.072,-0.018,0.302,0.202,0.721,0.306,0.494,0.996,0.541,0.752,1.582,0.161,0.674,0.176,0.666,0.513,0.476,0.137,0.297,0.790,0.411,-0.104
2011-11-22 13:00:00,1.298,0.127,0.667,0.575,0.980,0.127,0.598,-0.018,-0.087,0.123,0.271,0.087,0.270,-0.359,0.595,0.174,0.132,0.470,0.054,2.188,0.051,0.849,-0.076,0.212,0.047,1.189,0.752,0.233,0.505,1.106,0.477,0.166,0.855,0.680,0.000,0.715,0.358,0.555,0.289,0.310,0.613,0.535,0.128,0.706,0.784,0.213,0.631,0.565,0.659,0.466,0.394,0.787,0.515,0.278,0.223,0.139,0.305,0.702,0.904,0.428,0.195,0.559,0.446,0.457,0.478,-0.052,0.625,0.539,0.495,0.247,0.214,0.696,0.043,0.665,0.387,-0.116,0.663,0.332,0.076,-0.001,0.296,0.193,0.728,0.241,0.448,1.089,0.557,0.705,1.588,0.221,0.750,0.230,0.872,0.548,0.477,0.181,0.345,0.800,0.349,0.130
2011-11-22 14:00:00,1.172,0.236,0.730,0.544,0.940,0.102,0.572,0.013,0.009,0.230,0.181,0.093,0.202,-0.316,0.464,0.198,0.129,0.570,0.069,2.158,0.074,0.759,-0.148,0.104,0.046,0.904,0.805,0.298,0.259,1.029,0.521,0.139,1.000,0.818,0.000,0.773,0.429,0.560,0.324,0.435,0.783,0.569,0.077,0.452,0.770,0.292,0.737,0.637,0.436,0.516,0.373,0.841,0.551,0.275,0.237,0.188,0.330,0.644,0.869,0.356,0.178,0.505,0.378,0.461,0.474,-0.132,0.505,0.464,0.401,0.327,0.159,0.728,0.048,0.686,0.580,-0.206,0.845,0.321,0.103,0.012,0.324,0.151,0.534,0.330,0.429,1.026,0.669,0.789,1.663,0.210,0.819,0.220,0.641,0.515,0.637,0.237,0.398,0.772,0.231,0.463
2011-11-22 15:00:00,1.123,0.331,0.640,0.426,0.962,0.194,0.644,0.084,0.028,0.391,0.258,0.128,0.175,-0.295,0.500,0.335,0.127,0.537,0.073,2.475,0.075,0.808,0.054,0.257,0.228,0.882,0.900,0.348,0.372,1.015,0.495,0.173,1.328,0.854,0.000,0.797,0.437,0.573,0.371,0.605,0.926,0.599,-0.086,0.359,0.965,0.314,0.889,0.672,0.534,0.558,0.351,0.894,0.521,0.242,0.239,0.293,0.317,0.802,0.726,0.344,0.199,0.535,0.350,0.558,0.548,0.060,0.447,0.528,0.519,0.489,0.124,0.738,0.024,0.727,0.611,-0.189,0.725,0.336,0.125,0.149,0.336,0.148,0.542,0.336,0.450,1.109,0.883,0.878,1.499,0.166,1.017,0.227,0.582,0.436,0.670,0.273,0.367,0.773,0.313,0.393
2011-11-22 16:00:00,1.387,0.549,0.484,0.485,1.048,0.158,0.863,0.144,-0.074,0.423,0.171,0.151,0.194,-0.239,0.582,0.314,0.132,0.536,0.082,2.449,0.068,1.288,0.199,0.520,0.470,0.747,0.667,0.465,0.440,0.961,0.528,0.210,1.661,0.907,0.000,0.846,0.493,0.595,0.373,0.759,1.069,0.549,0.005,0.627,0.928,0.454,0.960,0.681,0.778,0.728,0.378,0.912,0.604,0.294,0.202,0.304,0.367,1.104,0.485,0.338,0.197,0.585,0.460,0.486,0.941,-0.010,0.585,0.577,0.589,0.660,0.235,0.681,0.031,0.792,0.633,-0.172,0.974,0.375,0.154,0.324,0.270,0.165,0.491,0.448,0.484,1.155,1.064,1.119,1.588,0.110,1.316,0.188,0.712,0.358,0.897,0.367,0.380,0.724,0.468,0.605
2011-11-22 17:00:00,1.450,0.358,0.542,0.609,1.203,0.154,0.950,0.168,-0.100,0.486,0.009,0.154,0.167,-0.171,0.574,0.248,0.160,0.471,0.157,2.630,0.066,1.114,0.473,0.588,1.008,0.826,0.752,0.376,0.518,0.942,0.572,0.254,1.954,0.913,0.000,0.759,0.524,0.613,0.435,0.888,1.210,0.525,-0.050,1.243,1.070,0.587,0.996,0.740,1.140,0.958,0.417,0.949,0.643,0.335,0.302,0.322,0.369,0.760,0.372,0.479,0.243,0.753,0.671,0.651,1.585,-0.005,0.568,0.370,0.642,0.660,0.106,0.589,0.754,0.742,0.589,-0.153,0.862,0.412,0.188,0.557,0.223,0.190,0.665,0.461,0.505,0.852,1.235,1.202,1.681,0.056,1.642,0.187,1.015,0.428,0.861,0.465,0.307,0.622,0.818,1.238
2011-11-22 18:00:00,1.156,0.292,0.409,0.553,1.077,0.148,0.763,0.105,-0.077,0.526,0.068,0.079,0.185,-0.212,0.416,0.117,0.175,0.161,0.194,2.379,0.052,0.714,0.581,0.512,1.257,1.022,0.689,0.391,0.399,0.797,0.578,0.210,1.853,0.832,0.000,0.651,0.470,0.637,0.432,0.741,1.231,0.382,-0.149,1.453,1.225,0.573,0.920,0.790,1.334,1.088,0.506,0.946,0.805,0.379,0.327,0.322,0.341,0.915,0.211,0.450,0.243,0.793,0.871,0.569,1.430,-0.014,0.433,0.332,0.716,0.800,0.026,0.406,0.764,0.695,0.595,-0.125,1.033,0.428,0.198,0.685,0.234,0.202,0.663,0.483,0.563,0.479,1.275,1.032,1.352,0.044,1.631,0.154,0.945,0.487,0.894,0.405,0.265,0.538,0.871,0.751
2011-11-22 19:00:00,1.166,0.369,0.499,0.620,1.143,0.074,0.787,0.147,0.021,0.491,0.024,0.087,0.259,-0.175,0.229,-0.007,0.207,-0.088,0.154,2.159,0.052,1.042,0.829,0.619,1.539,1.085,0.861,0.091,0.742,0.685,0.578,0.290,1.741,0.868,0.000,0.493,0.456,0.599,0.422,0.718,1.299,0.315,-0.248,1.346,1.214,0.608,0.884,0.731,1.397,1.041,0.542,0.965,0.847,0.444,0.341,0.328,0.344,0.891,0.239,0.427,0.277,0.739,0.634,0.492,1.315,0.029,0.381,0.240,0.774,0.746,0.065,0.250,0.842,0.642,0.826,-0.060,0.971,0.434,0.191,0.738,0.204,0.280,0.529,0.396,0.569,0.581,1.325,0.901,1.387,0.064,1.679,0.138,0.970,0.480,0.868,0.439,0.195,0.448,1.016,0.197
2011-11-22 20:00:00,1.054,0.236,0.652,0.692,1.126,0.022,0.840,0.162,0.180,0.447,0.070,0.109,0.142,-0.123,0.266,-0.199,0.205,-0.203,0.153,2.091,0.053,0.880,1.066,0.509,1.718,0.957,0.761,-0.278,0.686,0.565,0.447,0.332,1.415,0.925,0.000,0.450,0.430,0.531,0.454,0.686,1.248,0.307,-0.345,0.870,1.192,0.574,0.847,0.935,1.502,0.993,0.559,1.053,0.795,0.481,0.303,0.323,0.353,1.115,0.345,0.499,0.305,0.729,0.449,0.680,0.953,0.110,0.234,0.161,0.686,0.622,-0.073,-0.001,0.838,0.681,0.806,-0.042,0.770,0.399,0.145,0.581,0.153,0.334,0.448,0.489,0.635,0.593,1.309,0.876,1.411,0.110,1.506,0.105,0.938,0.458,0.978,0.469,0.223,0.361,1.175,0.106
2011-11-22 21:00:00,0.747,0.008,0.698,0.602,0.929,0.014,0.715,0.149,0.212,0.387,-0.006,0.150,0.004,-0.144,0.175,-0.321,0.200,-0.327,0.183,1.733,0.080,0.399,1.215,0.207,1.710,0.775,0.608,-0.306,0.734,0.430,0.316,0.285,1.269,0.822,0.000,0.401,0.367,0.442,0.500,0.592,1.087,0.311,-0.443,0.792,1.197,0.518,0.757,0.832,1.322,0.943,0.559,0.964,0.593,0.437,0.285,0.387,0.286,1.385,0.366,0.389,0.307,0.580,0.253,0.632,0.556,0.203,0.143,0.208,0.548,0.637,-0.142,-0.159,0.860,0.616,0.663,-0.058,0.729,0.313,0.214,0.397,0.134,0.340,0.402,0.410,0.640,0.411,1.249,0.799,1.411,0.133,1.222,0.082,0.628,0.466,1.026,0.425,0.107,0.282,1.144,-0.166
2011-11-22 22:00:00,0.531,0.097,0.609,0.473,0.826,-0.142,0.513,0.095,0.175,0.293,-0.224,0.152,-0.040,-0.209,-0.001,-0.262,0.192,-0.437,0.182,1.451,0.074,0.373,1.086,-0.072,1.197,0.540,0.234,-0.402,0.606,0.378,0.299,0.211,0.978,0.564,0.000,0.178,0.366,0.369,0.459,0.472,0.756,0.263,-0.471,0.619,1.170,0.457,0.604,0.720,1.006,0.686,0.519,0.851,0.456,0.375,0.254,0.333,0.256,1.038,0.256,0.292,0.282,0.526,0.315,0.560,0.297,0.004,0.004,0.288,0.404,0.287,-0.210,-0.196,0.886,0.565,0.546,0.011,0.539,0.259,0.181,0.320,0.156,0.333,0.392,0.572,0.541,0.350,1.046,0.755,1.336,0.168,1.066,0.082,0.629,0.484,0.938,0.401,0.090,0.207,1.030,-0.304
2011-11-22 23:00:00,0.497,0.075,0.375,0.381,0.743,-0.102,0.404,-0.008,0.028,0.209,-0.232,0.090,-0.121,-0.239,0.056,-0.259,0.177,-0.485,0.173,1.227,0.070,0.068,0.621,-0.353,0.820,0.639,0.200,-0.531,0.297,0.376,0.239,0.222,0.964,0.396,0.000,0.031,0.263,0.310,0.453,0.280,0.478,0.289,-0.565,0.230,1.080,0.365,0.510,0.813,0.784,0.443,0.428,0.791,0.407,0.287,0.230,0.248,0.238,0.580,0.253,0.276,0.246,0.427,0.289,0.602,0.110,-0.145,-0.069,0.336,0.268,-0.043,-0.360,-0.230,0.847,0.468,0.529,0.073,0.426,0.189,0.146,0.220,0.133,0.286,0.377,0.253,0.404,0.064,0.733,0.546,1.308,0.121,0.832,0.091,0.436,0.456,0.810,0.309,0.021,0.103,0.699,-0.437
2011-11-23 00:00:00,0.052,-0.136,0.180,0.324,0.508,-0.159,0.343,-0.076,-0.104,0.077,-0.315,0.096,-0.030,-0.279,-0.067,-0.259,0.183,-0.483,0.167,1.249,0.056,-0.185,0.148,-0.496,0.263,0.836,0.207,-0.522,0.415,0.360,0.329,0.236,0.796,0.326,0.000,-0.027,0.209,0.277,0.358,0.278,0.317,0.236,-0.520,0.052,0.962,0.298,0.482,0.668,0.627,0.300,0.396,0.782,0.423,0.286,0.243,0.227,0.258,0.545,0.173,0.260,0.219,0.411,0.377,0.355,0.022,-0.186,-0.107,0.255,0.088,-0.187,-0.377,-0.199,0.846,0.469,0.722,0.130,0.221,0.168,0.141,0.166,0.155,0.288,0.292,0.289,0.272,-0.110,0.534,0.369,1.281,0.120,0.722,0.122,0.280,0.356,0.758,0.240,0.049,0.123,0.371,-0.560
2011-11-23 01:00:00,-0.180,-0.171,0.024,0.280,0.413,-0.241,0.136,-0.164,-0.173,-0.097,-0.286,0.022,-0.123,-0.370,-0.140,-0.134,0.194,-0.634,0.160,1.074,0.041,-0.199,-0.240,-0.538,-0.220,0.758,0.130,-0.657,0.146,0.355,0.345,0.161,0.847,0.265,0.000,-0.110,0.202,0.221,0.320,0.269,0.207,0.228,-0.421,0.030,0.924,0.194,0.448,0.595,0.656,0.286,0.409,0.771,0.448,0.288,0.226,0.254,0.242,0.728,0.091,0.246,0.203,0.355,0.269,0.468,-0.107,-0.418,-0.145,0.122,-0.107,-0.345,-0.491,-0.237,0.838,0.396,0.562,0.133,0.249,0.171,0.124,0.122,0.137,0.231,0.268,0.276,0.224,-0.148,0.388,0.310,1.000,0.096,0.636,0.127,0.079,0.332,0.722,0.196,0.030,0.135,0.310,-0.497
2011-11-23 02:00:00,-0.123,-0.132,0.225,0.306,0.329,-0.175,0.222,-0.141,-0.149,-0.124,-0.156,-0.013,-0.135,-0.376,-0.106,-0.100,0.193,-0.616,0.157,1.241,0.038,-0.095,-0.410,-0.356,-0.540,0.754,0.365,-0.539,-0.089,0.382,0.395,0.267,0.736,0.288,0.000,-0.073,0.179,0.224,0.340,0.288,0.271,0.217,-0.407,0.029,0.907,0.175,0.490,0.589,0.725,0.255,0.400,0.736,0.411,0.303,0.210,0.266,0.235,0.761,0.044,0.220,0.200,0.286,0.285,0.513,-0.171,-0.339,-0.054,0.156,-0.022,-0.303,-0.453,-0.198,0.849,0.510,0.728,0.158,0.227,0.173,0.114,0.123,0.196,0.218,0.365,0.376,0.244,0.093,0.353,0.387,0.905,0.090,0.636,0.132,-0.020,0.242,0.749,0.204,0.141,0.201,0.194,-0.260
2011-11-23 03:00:00,-0.039,-0.176,0.339,0.435,0.444,-0.188,0.189,-0.164,-0.089,-0.049,-0.297,-0.014,-0.160,-0.392,0.064,-0.144,0.183,-0.405,0.150,1.314,0.039,-0.036,-0.335,-0.225,-0.615,0.583,0.784,-0.400,0.047,0.542,0.445,0.316,0.525,0.212,0.000,-0.163,0.139,0.143,0.316,0.269,0.319,0.190,-0.547,-0.080,0.903,0.104,0.554,0.609,0.688,0.239,0.363,0.715,0.357,0.303,0.265,0.234,0.227,0.596,0.086,0.248,0.170,0.280,0.256,0.522,-0.098,-0.251,0.098,-0.060,0.077,-0.179,-0.410,-0.166,0.830,0.506,0.554,0.230,0.363,0.187,0.103,0.069,0.184,0.193,0.413,0.313,0.218,0.075,0.198,0.444,0.698,0.039,0.703,0.123,0.179,0.276,0.745,0.127,0.165,0.133,0.201,0.309
2011-11-23 04:00:00,0.057,-0.035,0.208,0.484,0.444,-0.367,0.172,-0.182,-0.159,-0.033,-0.239,-0.071,-0.121,-0.453,0.097,-0.035,0.169,-0.532,0.121,1.420,0.031,0.153,-0.304,-0.146,-0.794,0.107,0.850,-0.480,-0.328,0.544,0.424,0.250,0.585,0.315,0.000,-0.205,0.156,0.137,0.328,0.367,0.334,0.202,-0.628,-0.091,0.910,0.051,0.582,0.579,0.774,0.243,0.392,0.670,0.380,0.294,0.324,0.236,0.253,0.559,0.075,0.178,0.166,0.362,0.332,0.530,-0.168,-0.331,0.109,-0.053,0.073,-0.328,-0.503,-0.190,0.870,0.444,0.552,0.282,0.344,0.181,0.087,0.008,0.143,0.174,0.411,0.589,0.291,0.186,0.137,0.509,0.573,0.003,0.986,0.147,0.454,0.212,0.723,0.068,0.236,0.203,0.213,0.454
2011-11-23 05:00:00,0.343,-0.084,0.266,0.577,0.251,-0.246,0.248,-0.210,-0.413,0.044,-0.088,-0.104,-0.020,-0.430,0.107,-0.072,0.163,-0.354,0.113,1.587,0.031,0.174,-0.314,-0.039,-0.750,0.202,0.870,-0.497,-0.336,0.582,0.625,0.316,0.692,0.332,0.000,-0.198,0.121,0.080,0.409,0.426,0.336,0.130,-0.650,-0.069,0.940,-0.044,0.661,0.656,0.750,0.269,0.425,0.615,0.540,0.285,0.386,0.260,0.297,0.993,0.271,0.302,0.171,0.575,0.490,0.483,0.067,-0.203,0.280,-0.085,0.083,-0.296,-0.333,-0.174,0.793,0.369,0.517,0.251,0.502,0.215,0.097,0.007,0.080,0.176,0.440,0.429,0.336,0.332,0.160,0.517,0.763,-0.047,1.095,0.175,0.350,0.280,0.579,0.096,0.310,0.225,0.222,0.012
2011-11-23 06:00:00,0.296,-0.196,0.392,0.730,0.499,-0.085,0.183,-0.200,-0.596,-0.052,-0.205,-0.182,0.017,-0.421,0.028,-0.044,0.176,-0.289,0.111,1.884,0.049,-0.359,0.032,0.022,-0.582,0.395,1.150,-0.634,-0.126,0.597,0.778,0.356,0.472,0.322,0.000,-0.126,0.159,0.081,0.399,0.363,0.424,0.044,-0.634,0.011,0.982,-0.117,0.705,0.702,0.587,0.350,0.490,0.572,0.787,0.332,0.333,0.322,0.356,1.109,0.615,0.340,0.208,0.696,0.625,0.404,0.367,-0.212,0.487,-0.297,0.107,-0.058,-0.361,-0.214,0.794,0.410,0.420,0.199,0.541,0.222,0.112,-0.010,0.074,0.131,0.485,0.597,0.362,0.407,0.191,0.533,0.916,-0.071,0.916,0.256,0.302,0.292,0.465,0.130,0.550,0.176,0.313,-0.018
2011-11-23 07:00:00,0.491,-0.042,0.552,0.746,0.586,-0.098,0.215,-0.162,-0.547,-0.192,-0.081,-0.211,-0.015,-0.462,-0.009,0.016,0.176,-0.420,0.088,1.875,0.055,-0.037,0.081,0.071,-0.333,0.388,1.181,-0.625,-0.110,0.522,0.782,0.273,0.362,0.291,0.000,-0.113,0.157,0.137,0.400,0.265,0.546,0.056,-0.560,0.167,0.957,-0.035,0.746,0.700,0.295,0.481,0.519,0.712,0.753,0.437,0.218,0.303,0.372,1.019,0.819,0.357,0.214,0.782,0.489,0.393,0.304,-0.255,0.658,-0.097,0.228,-0.017,-0.335,-0.266,0.137,0.490,0.427,0.176,0.585,0.258,0.088,-0.000,0.135,0.115,0.545,0.316,0.340,0.432,0.235,0.494,0.925,-0.079,0.946,0.254,0.456,0.383,0.467,0.063,0.431,0.257,0.216,0.060
2011-11-23 08:00:00,0.694,-0.126,0.793,0.514,0.555,-0.027,0.344,-0.104,-0.210,-0.172,0.194,-0.158,0.127,-0.451,0.120,-0.056,0.155,-0.212,0.071,1.973,0.061,0.285,0.266,0.131,-0.006,0.396,1.312,-0.344,0.055,0.517,0.694,0.294,0.291,0.317,0.000,0.038,0.228,0.237,0.374,0.276,0.666,0.154,-0.510,0.433,0.902,0.096,0.710,0.662,0.097,0.540,0.511,0.741,0.598,0.515,0.192,0.284,0.337,0.725,0.792,0.353,0.217,0.621,0.326,0.424,0.141,-0.072,0.789,-0.119,0.352,0.092,-0.089,-0.199,0.057,0.416,0.383,0.110,0.731,0.277,0.119,0.036,0.182,0.112,0.398,0.446,0.336,0.723,0.334,0.495,1.145,-0.070,0.971,0.256,0.460,0.541,0.424,0.076,0.301,0.263,0.252,-0.066
2011-11-23 09:00:00,0.525,0.002,1.025,0.521,0.745,0.331,0.338,-0.077,-0.089,-0.158,0.309,-0.109,0.217,-0.442,0.184,0.003,0.141,-0.095,0.060,2.052,0.059,0.384,0.354,0.043,0.118,0.499,1.055,-0.358,0.315,0.616,0.677,0.229,0.363,0.356,0.000,0.200,0.274,0.251,0.344,0.317,0.590,0.201,-0.440,0.849,0.947,0.142,0.656,0.581,0.160,0.492,0.482,0.722,0.382,0.492,0.165,0.269,0.290,0.662,0.623,0.311,0.229,0.365,0.303,0.490,0.087,-0.019,0.649,-0.050,0.288,0.109,-0.068,-0.120,0.069,0.402,0.342,0.006,0.711,0.241,0.142,0.023,0.222,0.071,0.353,0.403,0.288,0.887,0.349,0.455,1.319,-0.054,0.935,0.192,0.424,0.646,0.407,0.084,0.158,0.333,0.288,-0.299
2011-11-23 10:00:00,0.654,0.221,1.139,0.430,0.644,0.367,0.314,-0.092,-0.153,-0.095,0.382,-0.130,0.276,-0.447,0.259,0.009,0.127,0.051,0.049,2.090,0.054,0.371,0.247,-0.111,-0.176,0.362,0.593,-0.258,0.275,0.605,0.690,0.164,0.320,0.355,0.000,0.336,0.335,0.304,0.329,0.264,0.528,0.363,-0.284,1.193,0.893,0.121,0.588,0.581,0.274,0.339,0.460,0.661,0.443,0.399,0.163,0.259,0.273,0.580,0.403,0.259,0.200,0.223,0.315,0.461,0.165,-0.020,0.508,0.272,0.249,0.100,-0.089,0.036,0.060,0.397,0.272,-0.021,0.723,0.221,0.148,-0.023,0.230,0.065,0.317,0.338,0.278,1.097,0.371,0.425,1.305,-0.006,0.846,0.184,0.357,0.584,0.433,0.015,0.255,0.388,0.357,-0.405
2011-11-23 11:00:00,0.643,0.263,1.212,0.319,0.607,0.618,0.477,-0.030,-0.093,0.037,0.306,-0.008,0.356,-0.424,0.430,0.051,0.124,0.388,0.048,2.153,0.062,0.513,0.333,0.037,-0.197,0.609,0.570,-0.135,0.857,0.660,0.866,0.172,0.422,0.372,0.000,0.489,0.403,0.361,0.276,0.380,0.489,0.495,-0.103,1.343,0.897,0.158,0.591,0.606,0.500,0.352,0.444,0.670,0.469,0.334,0.185,0.258,0.276,0.444,0.191,0.242,0.203,0.223,0.255,0.405,0.523,0.073,0.477,0.408,0.287,0.114,0.052,0.177,0.063,0.408,0.379,-0.033,0.666,0.206,0.138,-0.023,0.299,0.047,0.309,0.400,0.290,1.112,0.434,0.394,1.376,0.039,0.758,0.209,0.443,0.453,0.469,0.047,0.195,0.463,0.402,-0.270
2011-11-23 12:00:00,0.471,0.526,0.983,0.398,0.740,0.978,0.494,0.008,0.020,-0.014,0.353,-0.008,0.266,-0.416,0.448,0.151,0.121,0.578,0.049,2.202,0.082,0.637,0.477,0.106,-0.218,0.875,0.584,-0.158,0.943,0.750,1.118,0.167,0.330,0.441,0.000,0.691,0.507,0.459,0.242,0.497,0.488,0.634,0.086,1.054,0.888,0.190,0.615,0.645,0.713,0.396,0.414,0.696,0.503,0.301,0.199,0.239,0.279,0.685,0.017,0.241,0.186,0.285,0.250,0.428,0.748,-0.072,0.484,0.504,0.383,0.141,0.122,0.300,0.058,0.554,0.382,-0.001,0.653,0.258,0.194,-0.019,0.383,0.096,0.261,0.201,0.352,1.104,0.447,0.405,1.562,0.048,0.724,0.270,0.332,0.477,0.513,0.117,0.152,0.593,0.466,-0.084
2011-11-23 13:00:00,0.719,0.774,0.942,0.522,0.950,1.003,0.869,0.108,0.056,0.104,0.463,0.103,0.331,-0.333,0.744,0.197,0.126,0.756,0.055,2.417,0.100,1.089,0.489,0.333,-0.079,1.171,0.824,0.173,1.180,0.895,1.123,0.287,0.581,0.538,0.000,0.921,0.559,0.574,0.279,0.635,0.744,0.682,0.237,0.816,0.811,0.309,0.671,0.688,0.738,0.265,0.382,0.718,0.426,0.295,0.227,0.255,0.292,0.854,0.016,0.255,0.198,0.329,0.299,0.444,0.860,0.004,0.560,0.683,0.559,0.310,0.252,0.487,0.046,0.704,0.348,0.015,0.637,0.260,0.206,0.032,0.396,0.117,0.380,0.278,0.455,1.260,0.558,0.362,1.667,0.082,0.767,0.276,0.349,0.606,0.766,0.204,0.108,0.677,0.407,0.182
2011-11-23 14:00:00,0.955,0.831,0.958,0.486,0.992,0.944,1.026,0.182,0.291,0.331,0.437,0.156,0.335,-0.282,0.774,0.169,0.127,0.879,0.062,2.487,0.117,1.621,0.491,0.519,0.052,1.216,0.838,0.361,1.407,1.016,0.911,0.347,0.803,0.635,0.000,1.055,0.624,0.702,0.330,0.786,1.060,0.852,0.301,0.692,0.846,0.451,0.734,0.713,0.649,0.295,0.340,0.747,0.385,0.280,0.224,0.270,0.289,0.698,0.051,0.374,0.225,0.325,0.294,0.531,0.778,0.094,0.554,0.626,0.600,0.388,0.337,0.639,0.049,0.755,0.266,0.005,0.676,0.276,0.222,0.195,0.381,0.138,0.437,0.300,0.572,1.372,0.745,0.547,1.718,0.112,0.882,0.311,0.446,0.578,0.940,0.321,0.173,0.874,0.397,0.453
2011-11-23 15:00:00,1.029,1.027,0.883,0.816,0.994,1.028,1.189,0.268,0.587,0.457,0.426,0.215,0.310,-0.217,0.830,0.360,0.126,0.763,0.065,2.566,0.116,1.733,0.472,0.651,0.233,1.132,1.201,0.410,1.228,1.101,0.726,0.362,1.060,0.761,0.000,1.149,0.636,0.784,0.318,0.930,1.274,0.837,0.324,0.555,0.831,0.513,0.770,0.742,0.534,0.402,0.340,0.796,0.386,0.258,0.258,0.306,0.287,0.619,0.102,0.266,0.219,0.333,0.383,0.434,0.751,0.183,0.500,0.604,0.630,0.605,0.270,0.734,0.028,0.828,0.268,0.028,0.721,0.310,0.252,0.396,0.420,0.223,0.531,0.359,0.718,1.418,0.914,0.731,1.738,0.141,0.983,0.242,0.405,0.577,1.135,0.456,0.162,0.864,0.411,0.401
2011-11-23 16:00:00,1.097,0.968,0.759,1.184,0.932,0.846,1.105,0.201,0.449,0.440,0.389,0.229,0.273,-0.220,0.694,0.264,0.142,0.721,0.086,2.540,0.109,1.612,0.304,0.603,0.316,1.079,1.123,0.528,1.160,1.122,0.587,0.374,1.316,0.790,0.000,1.020,0.616,0.773,0.419,1.082,1.531,0.831,0.264,0.631,0.883,0.632,0.876,0.776,0.500,0.529,0.389,0.824,0.530,0.265,0.256,0.335,0.333,0.638,0.231,0.419,0.265,0.599,0.546,0.398,0.847,0.154,0.590,0.536,0.590,0.592,0.258,0.776,0.038,0.992,0.355,0.080,0.789,0.327,0.275,0.481,0.403,0.317,0.609,0.500,0.787,1.442,1.076,0.808,1.886,0.148,1.065,0.204,0.437,0.579,1.178,0.491,0.252,0.978,0.637,0.594
2011-11-23 17:00:00,1.295,0.956,0.662,1.241,0.906,0.606,1.114,0.153,0.236,0.635,0.234,0.202,0.232,-0.202,0.699,0.270,0.171,0.556,0.123,2.590,0.094,1.585,0.581,0.704,0.244,1.271,1.605,0.550,1.181,1.118,0.634,0.446,1.507,0.756,0.000,0.972,0.629,0.758,0.506,1.077,1.594,0.656,0.144,0.870,0.949,0.613,0.949,0.840,0.629,0.809,0.432,0.878,0.678,0.329,0.290,0.362,0.370,1.081,0.339,0.416,0.259,1.042,0.681,0.413,1.527,-0.009,0.709,0.355,0.613,0.629,0.102,0.648,0.756,0.924,0.493,0.079,0.745,0.382,0.197,0.473,0.303,0.347,0.672,0.551,0.791,1.303,1.180,0.916,1.728,0.148,1.123,0.227,0.617,0.673,1.277,0.433,0.212,0.885,0.634,1.214
2011-11-23 18:00:00,1.481,0.917,0.721,1.000,1.041,0.375,1.126,0.147,0.108,0.665,0.102,0.108,0.229,-0.150,0.657,0.087,0.187,0.393,0.134,2.631,0.064,1.433,0.851,0.844,0.706,1.496,1.439,0.279,1.159,0.963,0.611,0.560,1.697,0.791,0.000,0.896,0.610,0.753,0.468,1.019,1.528,0.597,0.031,1.076,0.935,0.545,0.972,0.848,0.711,0.933,0.507,0.936,0.671,0.428,0.266,0.372,0.369,1.435,0.436,0.621,0.310,1.217,0.574,0.471,1.874,-0.002,0.839,0.261,0.733,0.708,0.137,0.404,0.759,0.926,0.516,0.116,0.784,0.384,0.221,0.542,0.189,0.350,0.671,0.467,0.786,1.190,1.214,0.961,1.686,0.136,1.137,0.202,0.816,0.691,1.339,0.497,0.243,0.831,0.801,1.144
2011-11-23 19:00:00,1.644,0.662,0.943,0.914,1.139,0.443,1.332,0.282,0.185,0.641,0.030,0.223,0.208,-0.036,0.564,-0.069,0.200,0.269,0.158,2.521,0.061,1.053,1.202,0.953,1.351,1.742,1.570,0.210,1.640,0.895,0.671,0.710,1.675,0.826,0.000,0.839,0.617,0.783,0.449,1.109,1.478,0.449,0.014,1.028,1.035,0.656,0.945,0.816,0.770,0.958,0.562,0.996,0.564,0.432,0.280,0.352,0.333,1.008,0.536,0.523,0.296,0.993,0.472,0.474,1.815,0.285,0.713,0.065,0.713,0.728,0.164,0.269,0.786,0.941,0.631,0.148,0.737,0.436,0.233,0.633,0.184,0.365,0.691,0.529,0.827,1.111,1.244,1.021,1.705,0.129,1.310,0.154,0.899,0.806,1.407,0.642,0.238,0.774,1.107,0.476
2011-11-23 20:00:00,1.326,0.444,0.730,0.905,0.990,0.055,1.072,0.265,0.330,0.455,0.011,0.233,-0.010,-0.118,0.335,-0.064,0.196,-0.170,0.175,1.953,0.061,0.875,1.162,0.592,1.739,0.970,0.941,-0.048,1.210,0.680,0.482,0.524,1.591,0.778,0.000,0.713,0.541,0.774,0.415,0.942,1.486,0.414,-0.138,0.772,1.016,0.786,0.894,0.794,0.830,0.849,0.531,0.977,0.524,0.399,0.301,0.313,0.323,0.716,0.515,0.378,0.275,0.618,0.448,0.482,0.869,0.249,0.398,0.045,0.466,0.744,-0.019,0.082,0.821,0.840,0.610,0.119,0.696,0.379,0.269,0.606,0.179,0.379,0.584,0.437,0.717,0.883,1.146,1.094,1.536,0.145,1.327,0.133,0.866,0.863,1.525,0.661,0.218,0.625,1.111,0.091
2011-11-23 21:00:00,1.070,0.278,0.710,0.603,0.749,-0.084,1.018,0.226,0.341,0.402,0.175,0.292,0.062,-0.128,0.222,-0.025,0.186,-0.387,0.180,1.602,0.061,0.988,1.066,0.236,1.443,0.384,0.365,0.014,0.835,0.505,0.278,0.478,1.307,0.532,0.000,0.397,0.434,0.706,0.426,0.653,1.331,0.365,-0.396,0.568,1.050,0.823,0.793,0.726,0.752,1.003,0.528,0.975,0.532,0.342,0.291,0.272,0.303,0.877,0.511,0.370,0.251,0.346,0.408,0.509,0.295,0.307,0.130,0.256,0.308,0.545,-0.058,-0.002,0.825,0.727,0.634,0.158,0.544,0.377,0.212,0.502,0.215,0.348,0.594,0.443,0.546,0.650,0.999,0.922,1.526,0.170,1.239,0.079,0.844,0.688,1.412,0.540,0.134,0.563,0.989,-0.151
2011-11-23 22:00:00,0.693,0.144,0.747,0.467,0.765,-0.054,0.782,0.133,0.075,0.434,-0.114,0.268,0.106,-0.110,0.094,-0.179,0.198,-0.229,0.185,1.498,0.076,0.317,0.790,-0.137,1.240,0.474,0.493,-0.164,0.850,0.544,0.311,0.399,1.272,0.325,0.000,0.196,0.382,0.545,0.464,0.452,0.962,0.420,-0.599,0.501,1.083,0.731,0.674,0.711,0.578,0.899,0.535,0.890,0.442,0.296,0.236,0.225,0.263,0.785,0.454,0.174,0.212,0.155,0.346,0.550,0.355,0.118,0.028,0.177,0.187,0.322,-0.110,0.002,0.865,0.608,0.633,0.200,0.487,0.320,0.215,0.406,0.182,0.318,0.534,0.408,0.460,0.663,0.840,0.835,1.550,0.172,0.899,0.088,0.803,0.621,1.161,0.494,0.075,0.352,0.832,-0.205
2011-11-23 23:00:00,0.461,0.076,0.457,0.370,0.537,-0.133,0.552,0.032,-0.148,0.265,-0.255,0.173,0.053,-0.177,-0.082,-0.025,0.220,-0.503,0.176,1.293,0.067,-0.105,0.618,-0.307,0.639,0.273,0.261,-0.367,0.821,0.502,0.321,0.279,1.143,0.242,0.000,0.142,0.320,0.410,0.390,0.428,0.586,0.289,-0.513,0.393,1.021,0.467,0.558,0.703,0.422,0.626,0.510,0.855,0.425,0.281,0.252,0.241,0.301,0.782,0.335,0.273,0.181,0.273,0.424,0.454,0.144,-0.156,-0.070,0.254,0.108,-0.005,-0.428,-0.036,0.820,0.518,0.539,0.219,0.305,0.203,0.142,0.334,0.148,0.308,0.432,0.417,0.377,0.399,0.657,0.613,1.467,0.180,0.742,0.085,0.530,0.464,0.946,0.407,0.056,0.342,0.707,-0.352
2011-11-24 00:00:00,0.151,-0.119,0.298,0.345,0.254,-0.119,0.416,-0.028,-0.047,-0.002,-0.175,0.137,0.003,-0.272,-0.148,-0.164,0.211,-0.483,0.167,1.151,0.053,0.073,0.371,-0.262,0.183,0.526,0.236,-0.289,0.595,0.434,0.311,0.313,1.172,0.142,0.000,0.156,0.228,0.285,0.352,0.391,0.425,0.268,-0.380,0.370,1.100,0.321,0.512,0.658,0.359,0.466,0.457,0.820,0.362,0.287,0.245,0.275,0.322,0.755,0.265,0.235,0.195,0.393,0.398,0.582,0.068,-0.208,-0.038,0.181,0.026,-0.188,-0.291,-0.125,0.813,0.408,0.417,0.163,0.240,0.179,0.147,0.272,0.106,0.286,0.331,0.262,0.341,0.217,0.512,0.466,1.294,0.184,0.765,0.144,0.472,0.331,0.882,0.329,0.083,0.304,0.811,-0.481
2011-11-24 01:00:00,-0.274,-0.332,0.248,0.295,0.360,-0.132,0.251,-0.066,0.039,-0.140,-0.240,0.068,-0.070,-0.328,-0.070,-0.128,0.197,-0.514,0.161,1.066,0.039,-0.073,0.272,-0.291,-0.299,0.670,0.384,-0.407,0.411,0.407,0.336,0.290,0.700,0.138,0.000,0.020,0.161,0.165,0.376,0.251,0.240,0.245,-0.312,0.242,1.079,0.196,0.490,0.640,0.350,0.467,0.440,0.804,0.373,0.287,0.234,0.267,0.298,0.837,0.236,0.160,0.180,0.323,0.336,0.541,-0.065,-0.257,-0.023,-0.117,-0.080,-0.275,-0.324,-0.269,0.805,0.394,0.254,0.124,0.213,0.112,0.116,0.065,0.166,0.219,0.363,0.303,0.284,-0.007,0.388,0.369,1.053,0.135,0.700,0.143,0.197,0.213,0.828,0.203,0.038,0.272,0.682,-0.692
2011-11-24 02:00:00,-0.168,-0.182,0.357,0.345,0.419,-0.230,0.143,-0.083,0.044,-0.123,-0.146,0.057,-0.169,-0.392,-0.019,-0.156,0.180,-0.483,0.152,1.081,0.035,0.099,-0.104,-0.312,-0.673,0.660,0.577,-0.342,-0.200,0.445,0.365,0.249,0.413,0.166,0.000,-0.127,0.182,0.170,0.358,0.276,0.159,0.264,-0.452,0.109,1.063,0.088,0.494,0.607,0.325,0.358,0.497,0.764,0.338,0.300,0.241,0.279,0.288,0.776,0.111,0.175,0.198,0.283,0.350,0.469,-0.303,-0.304,0.022,0.020,-0.012,-0.294,-0.299,-0.246,0.816,0.358,0.357,0.093,0.303,0.174,0.113,-0.040,0.226,0.170,0.444,0.161,0.238,-0.108,0.280,0.398,0.957,0.069,0.631,0.204,0.179,0.159,0.812,0.147,0.063,0.280,0.483,-0.423
2011-11-24 03:00:00,0.112,-0.010,0.622,0.363,0.322,-0.103,0.337,-0.084,-0.011,0.142,-0.138,0.091,-0.065,-0.338,0.158,-0.098,0.173,-0.222,0.135,1.449,0.036,0.440,-0.061,0.052,-0.522,0.592,1.067,-0.242,0.198,0.627,0.379,0.375,0.343,0.241,0.000,-0.282,0.132,0.182,0.315,0.442,0.198,0.272,-0.595,0.083,0.942,-0.023,0.553,0.597,0.351,0.347,0.456,0.651,0.368,0.319,0.268,0.291,0.300,0.794,0.036,0.239,0.179,0.365,0.402,0.529,-0.064,-0.050,0.119,-0.027,0.203,-0.139,-0.312,-0.195,0.790,0.390,0.415,0.060,0.326,0.172,0.111,0.007,0.150,0.142,0.498,0.395,0.243,0.133,0.226,0.460,0.812,0.033,0.614,0.109,0.128,0.173,0.865,0.160,0.031,0.285,0.505,0.318
2011-11-24 04:00:00,0.110,0.043,0.712,0.490,0.350,-0.123,0.366,-0.036,-0.168,0.206,-0.170,0.087,-0.147,-0.296,0.156,-0.142,0.169,-0.123,0.128,1.560,0.058,0.379,0.004,0.198,-0.481,0.276,1.164,-0.414,0.020,0.701,0.373,0.378,0.578,0.356,0.000,-0.201,0.172,0.214,0.298,0.706,0.254,0.271,-0.571,0.100,0.963,-0.174,0.620,0.662,0.385,0.323,0.457,0.586,0.377,0.347,0.316,0.298,0.326,0.884,0.208,0.280,0.180,0.491,0.421,0.416,0.234,-0.130,0.208,-0.104,0.178,-0.202,-0.429,-0.135,0.837,0.349,0.437,0.030,0.416,0.248,0.168,0.147,0.094,0.120,0.494,0.334,0.319,0.528,0.246,0.495,0.740,0.015,0.690,0.143,0.124,0.164,0.949,0.195,0.079,0.335,0.580,0.786
2011-11-24 05:00:00,0.175,-0.025,0.594,0.436,0.423,-0.046,0.442,-0.031,-0.364,-0.015,-0.123,0.022,-0.153,-0.285,0.063,-0.005,0.184,-0.133,0.138,1.726,0.058,0.253,0.136,0.272,-0.322,0.280,0.947,-0.290,-0.077,0.778,0.429,0.357,0.694,0.410,0.000,-0.118,0.131,0.209,0.355,0.700,0.320,0.320,-0.497,0.108,0.982,-0.145,0.635,0.671,0.388,0.375,0.507,0.684,0.408,0.347,0.302,0.316,0.349,0.941,0.580,0.194,0.192,0.742,0.434,0.395,0.366,-0.079,0.329,0.019,0.170,-0.117,-0.307,-0.117,0.744,0.329,0.375,0.080,0.590,0.193,0.168,0.133,0.119,0.142,0.699,0.677,0.336,0.475,0.286,0.493,0.656,-0.013,0.814,0.184,0.258,0.243,0.986,0.202,0.159,0.312,0.420,0.327
2011-11-24 06:00:00,0.377,-0.082,0.694,0.538,0.555,-0.082,0.392,-0.048,-0.379,-0.037,-0.207,-0.044,0.010,-0.325,0.151,0.033,0.201,-0.083,0.122,1.875,0.065,0.482,0.227,0.357,-0.130,0.543,0.904,-0.035,0.167,0.819,0.667,0.359,0.517,0.380,0.000,-0.011,0.183,0.233,0.369,0.498,0.340,0.246,-0.428,0.193,0.901,-0.077,0.738,0.727,0.354,0.363,0.537,0.644,0.498,0.320,0.246,0.329,0.353,1.095,1.007,0.271,0.203,0.778,0.546,0.426,0.397,-0.190,0.556,-0.029,0.147,0.143,-0.222,-0.006,0.766,0.425,0.368,0.088,0.718,0.286,0.184,0.119,0.111,0.175,0.710,0.538,0.317,0.716,0.329,0.583,0.760,-0.027,0.925,0.355,0.351,0.335,1.021,0.175,0.230,0.351,0.377,-0.053
2011-11-24 07:00:00,0.511,0.136,1.079,0.696,0.585,0.017,0.445,-0.037,-0.053,-0.013,0.069,-0.116,0.128,-0.325,0.113,0.102,0.210,-0.160,0.075,1.960,0.066,0.613,0.372,0.439,0.338,0.789,0.899,-0.075,0.321,0.837,0.634,0.433,0.316,0.435,0.000,0.163,0.200,0.292,0.395,0.290,0.455,0.272,-0.253,0.436,0.959,0.003,0.695,0.788,0.360,0.524,0.530,0.660,0.498,0.304,0.168,0.313,0.350,0.748,1.270,0.245,0.206,0.743,0.504,0.305,0.347,-0.119,0.521,-0.119,0.290,0.142,-0.269,0.053,0.396,0.551,0.392,0.050,0.654,0.335,0.201,0.113,0.092,0.144,0.649,0.621,0.314,1.035,0.373,0.569,0.911,-0.017,1.041,0.282,0.491,0.491,1.088,0.169,0.334,0.418,0.270,-0.011
2011-11-24 08:00:00,0.781,0.139,1.497,0.686,0.363,0.128,0.537,0.016,0.031,-0.043,0.451,-0.049,0.156,-0.334,0.136,0.037,0.166,-0.070,0.055,2.015,0.079,0.516,0.194,0.372,0.286,0.868,0.949,0.115,0.442,0.749,0.614,0.442,0.414,0.580,0.000,0.346,0.240,0.360,0.376,0.469,0.651,0.351,-0.075,0.695,0.863,0.060,0.652,0.663,0.426,0.431,0.527,0.639,0.446,0.322,0.130,0.295,0.333,0.968,1.319,0.251,0.219,0.534,0.429,0.394,0.155,0.045,0.416,-0.079,0.339,0.227,-0.088,0.047,0.045,0.537,0.438,0.011,0.663,0.216,0.216,0.143,0.177,0.140,0.413,0.442,0.390,1.211,0.487,0.609,1.033,0.024,1.034,0.275,0.577,0.691,1.145,0.207,0.315,0.547,0.339,-0.129
2011-11-24 09:00:00,0.671,0.078,1.603,0.540,0.485,0.112,0.614,0.049,0.037,-0.038,0.453,0.062,0.154,-0.333,0.142,0.122,0.135,0.164,0.056,2.119,0.070,0.822,0.199,0.355,0.054,0.722,0.888,0.094,0.694,0.792,0.515,0.355,0.524,0.536,0.000,0.316,0.289,0.448,0.398,0.783,0.699,0.537,0.020,1.000,0.891,0.034,0.693,0.641,0.456,0.454,0.510,0.605,0.369,0.308,0.130,0.317,0.338,1.402,1.186,0.269,0.201,0.324,0.449,0.379,0.258,0.121,0.517,0.006,0.331,0.359,0.081,0.070,0.054,0.390,0.358,0.035,0.682,0.221,0.197,0.054,0.234,0.136,0.293,0.473,0.330,1.582,0.530,0.611,1.039,0.049,1.047,0.258,0.549,0.837,1.098,0.178,0.198,0.593,0.335,-0.317
2011-11-24 10:00:00,0.699,0.301,1.500,0.527,0.504,0.080,0.528,-0.007,-0.055,0.032,0.302,0.003,0.054,-0.388,0.163,0.148,0.123,0.411,0.045,2.077,0.064,0.808,0.066,0.179,-0.305,0.513,0.570,-0.078,0.324,0.720,0.462,0.218,0.501,0.472,0.000,0.393,0.338,0.607,0.391,0.863,0.617,0.670,-0.034,1.208,0.881,-0.060,0.689,0.679,0.431,0.489,0.508,0.619,0.296,0.282,0.155,0.352,0.343,1.192,0.824,0.225,0.198,0.234,0.513,0.403,0.357,-0.072,0.502,0.239,0.327,0.230,0.200,0.140,0.063,0.425,0.289,0.206,0.650,0.153,0.185,-0.044,0.303,0.108,0.401,0.237,0.326,1.800,0.512,0.600,1.152,0.055,0.886,0.265,0.503,0.757,1.122,0.134,0.156,0.646,0.277,-0.261
2011-11-24 11:00:00,0.858,0.462,1.469,0.447,0.599,0.289,0.654,0.011,-0.098,0.254,0.366,0.085,0.165,-0.327,0.409,0.154,0.128,0.820,0.038,2.370,0.066,0.813,0.147,0.395,-0.198,0.777,0.661,0.012,0.780,0.822,0.525,0.276,0.652,0.461,0.000,0.649,0.404,0.783,0.345,0.954,0.499,0.827,-0.029,1.209,0.890,-0.126,0.684,0.680,0.464,0.519,0.529,0.683,0.373,0.269,0.156,0.345,0.398,0.723,0.510,0.243,0.184,0.272,0.453,0.368,0.569,0.128,0.688,0.389,0.526,0.220,0.303,0.314,0.056,0.596,0.313,0.096,0.614,0.271,0.145,-0.045,0.346,0.081,0.345,0.267,0.419,1.881,0.484,0.627,1.379,0.043,0.990,0.251,0.545,0.620,1.149,0.171,0.179,0.636,0.286,0.016
2011-11-24 12:00:00,0.925,0.586,0.951,0.379,0.742,0.331,0.738,0.071,-0.184,0.221,0.344,0.100,0.214,-0.284,0.440,0.221,0.123,0.903,0.039,2.491,0.080,1.130,0.225,0.563,-0.225,1.121,0.642,0.028,0.980,0.959,0.575,0.246,0.922,0.619,0.000,0.862,0.454,0.767,0.369,0.892,0.461,0.894,0.239,0.982,0.868,0.029,0.725,0.698,0.580,0.548,0.542,0.782,0.328,0.282,0.139,0.346,0.402,0.880,0.295,0.271,0.212,0.330,0.427,0.350,0.731,0.024,0.752,0.449,0.506,0.441,0.363,0.309,0.054,0.753,0.348,0.008,0.624,0.257,0.187,-0.016,0.311,0.091,0.298,0.237,0.481,2.043,0.504,0.665,1.515,0.060,0.899,0.356,0.460,0.493,1.182,0.205,0.254,0.718,0.318,0.283
2011-11-24 13:00:00,0.919,0.424,0.776,0.373,0.693,0.386,0.858,0.156,-0.002,0.123,0.405,0.160,0.285,-0.227,0.456,0.340,0.133,0.804,0.051,2.514,0.082,1.621,0.372,0.718,0.052,1.033,0.727,0.201,0.889,0.894,0.605,0.253,1.268,0.724,0.000,0.904,0.477,0.721,0.371,0.719,0.672,0.918,0.455,0.796,0.734,0.433,0.739,0.711,0.641,0.531,0.554,0.802,0.327,0.319,0.147,0.360,0.348,0.820,0.188,0.324,0.216,0.330,0.470,0.488,0.650,0.086,0.784,0.618,0.444,0.479,0.543,0.323,0.032,0.778,0.463,0.027,0.693,0.297,0.226,0.074,0.389,0.124,0.435,0.320,0.585,1.957,0.582,0.730,1.495,0.095,0.874,0.451,0.437,0.459,1.150,0.261,0.243,0.751,0.343,0.532
2011-11-24 14:00:00,0.778,0.287,0.916,0.379,0.674,0.410,0.756,0.156,0.280,0.186,0.505,0.170,0.289,-0.265,0.409,0.376,0.133,0.869,0.065,2.530,0.083,1.738,0.338,0.649,0.035,1.034,0.775,0.460,0.848,0.854,0.695,0.309,1.304,0.731,0.000,0.964,0.483,0.746,0.375,0.499,1.031,0.925,0.465,0.700,0.900,0.589,0.795,0.676,0.599,0.582,0.551,0.710,0.355,0.335,0.168,0.340,0.401,0.951,0.204,0.261,0.221,0.372,0.501,0.494,0.618,0.081,0.856,0.561,0.425,0.559,0.571,0.491,0.042,0.860,0.422,0.070,0.822,0.317,0.277,0.292,0.561,0.156,0.589,0.282,0.693,1.682,0.672,0.817,1.565,0.110,0.847,0.358,0.512,0.505,1.199,0.316,0.261,0.851,0.420,0.671
2011-11-24 15:00:00,0.912,0.607,1.010,0.457,1.040,0.387,0.826,0.246,0.282,0.465,0.615,0.150,0.334,-0.211,0.530,0.477,0.142,0.799,0.067,2.756,0.061,1.945,0.484,0.877,0.317,1.595,0.927,0.515,1.086,0.969,0.844,0.405,1.478,0.828,0.000,1.052,0.484,0.814,0.326,0.618,1.258,0.947,0.411,0.737,0.922,0.550,0.783,0.670,0.698,0.646,0.527,0.762,0.324,0.288,0.162,0.323,0.387,1.205,0.194,0.353,0.248,0.362,0.477,0.535,0.885,0.084,0.889,0.580,0.713,0.875,0.433,0.628,0.014,1.062,0.473,0.088,0.798,0.426,0.291,0.436,0.586,0.211,0.610,0.372,0.796,1.844,0.752,0.876,1.542,0.129,0.843,0.267,0.591,0.587,1.280,0.395,0.318,0.939,0.483,0.680
2011-11-24 16:00:00,1.311,0.767,0.936,0.499,1.016,0.430,0.945,0.223,0.244,0.642,0.570,0.215,0.375,-0.135,0.640,0.338,0.142,0.882,0.075,2.888,0.034,2.035,0.317,1.001,0.494,1.521,0.944,0.679,1.152,1.033,0.859,0.591,1.731,0.946,0.000,1.125,0.548,0.857,0.349,0.807,1.361,0.959,0.417,0.948,0.992,0.577,0.795,0.725,0.944,0.852,0.591,0.772,0.376,0.287,0.159,0.340,0.409,1.077,0.059,0.328,0.252,0.425,0.542,0.550,1.038,0.154,1.011,0.573,0.951,0.793,0.569,0.681,0.032,1.112,0.593,0.070,0.834,0.520,0.308,0.489,0.437,0.275,0.624,0.338,0.956,1.867,0.836,0.985,1.665,0.143,0.944,0.242,0.625,0.601,1.394,0.488,0.278,0.908,0.912,0.755
2011-11-24 17:00:00,1.034,0.373,1.002,0.586,0.976,0.413,0.979,0.192,0.248,0.733,0.331,0.306,0.338,-0.086,0.672,0.329,0.150,0.797,0.107,2.866,0.047,1.697,0.437,1.082,0.763,1.314,1.011,0.581,1.500,1.108,0.729,0.602,1.845,0.955,0.000,1.055,0.556,0.821,0.376,0.924,1.291,0.859,0.355,1.188,1.034,0.673,0.838,0.717,1.175,1.078,0.615,0.782,0.384,0.303,0.182,0.335,0.423,1.039,0.081,0.418,0.259,0.553,0.588,0.508,1.534,0.270,0.934,0.268,0.989,0.842,0.463,0.627,0.734,1.076,0.718,0.005,0.791,0.386,0.273,0.513,0.330,0.291,0.777,0.455,0.975,1.360,0.855,1.050,1.712,0.143,1.036,0.235,0.673,0.507,1.563,0.513,0.218,0.779,1.006,1.266
2011-11-24 18:00:00,0.915,0.356,0.997,0.589,0.922,0.253,0.659,0.096,0.086,0.560,0.265,0.189,0.231,-0.161,0.527,0.198,0.171,0.440,0.118,2.528,0.043,1.211,0.223,0.780,0.647,1.068,0.667,0.232,0.993,0.967,0.654,0.475,1.569,0.785,0.000,0.828,0.532,0.750,0.439,0.791,1.135,0.635,0.193,1.254,1.040,0.596,0.794,0.769,1.206,1.025,0.614,0.854,0.540,0.310,0.178,0.322,0.408,0.865,0.042,0.425,0.263,0.657,0.654,0.466,1.601,0.010,0.791,0.305,0.874,0.712,0.283,0.396,0.815,0.862,0.613,0.064,0.752,0.345,0.208,0.536,0.306,0.299,0.689,0.333,0.818,1.232,0.767,0.954,1.732,0.119,1.021,0.168,0.774,0.384,1.638,0.452,0.184,0.644,0.912,1.004
2011-11-24 19:00:00,1.161,0.328,1.182,0.551,0.915,0.176,0.809,0.097,0.019,0.567,0.100,0.200,0.219,-0.134,0.552,0.001,0.193,0.326,0.132,2.432,0.053,0.808,0.261,0.716,0.955,1.172,0.578,0.078,1.056,0.858,0.564,0.498,1.328,0.680,0.000,0.663,0.469,0.664,0.440,0.711,0.991,0.469,-0.014,0.964,1.164,0.498,0.779,0.806,1.106,0.988,0.607,0.953,0.589,0.319,0.223,0.345,0.402,0.957,0.040,0.427,0.279,0.676,0.673,0.504,1.511,0.047,0.680,0.233,0.862,0.576,0.285,0.160,0.853,0.761,0.558,0.098,0.660,0.316,0.153,0.557,0.268,0.282,0.626,0.521,0.738,0.901,0.695,0.825,1.565,0.091,0.960,0.139,0.627,0.315,1.674,0.403,0.140,0.513,0.771,0.363
2011-11-24 20:00:00,1.113,0.231,1.258,0.558,0.872,0.056,0.559,0.069,0.094,0.536,-0.028,0.190,0.170,-0.188,0.492,-0.120,0.200,0.124,0.141,2.155,0.060,0.509,0.155,0.512,1.092,0.659,0.329,-0.158,0.914,0.760,0.406,0.396,1.291,0.640,0.000,0.533,0.438,0.592,0.494,0.799,0.919,0.375,-0.194,0.684,1.076,0.479,0.688,0.746,1.132,0.941,0.617,0.899,0.676,0.366,0.242,0.342,0.422,1.434,0.140,0.433,0.325,0.735,0.693,0.554,1.002,0.047,0.435,0.120,0.721,0.577,0.065,0.023,0.867,0.652,0.561,0.008,0.589,0.429,0.187,0.431,0.144,0.269,0.509,0.473,0.657,0.551,0.651,0.805,1.642,0.070,1.016,0.105,0.563,0.369,1.396,0.438,0.093,0.422,0.728,0.219
2011-11-24 21:00:00,0.924,0.232,1.361,0.499,0.642,-0.002,0.422,0.018,0.070,0.384,0.027,0.191,0.133,-0.217,0.299,-0.130,0.194,-0.163,0.147,1.968,0.061,0.377,0.056,0.297,0.784,0.272,-0.097,-0.353,0.538,0.609,0.235,0.239,1.228,0.590,0.000,0.289,0.402,0.536,0.535,0.712,0.831,0.331,-0.363,0.531,1.159,0.435,0.679,0.790,1.173,0.890,0.631,0.888,0.700,0.419,0.256,0.340,0.394,1.314,0.316,0.417,0.334,0.739,0.545,0.569,0.561,0.036,0.180,0.157,0.558,0.458,-0.004,-0.140,0.869,0.672,0.514,0.067,0.545,0.438,0.119,0.318,0.093,0.276,0.531,0.491,0.546,0.356,0.622,0.795,1.510,0.074,1.121,0.061,0.759,0.323,1.088,0.411,0.079,0.332,0.725,0.155
2011-11-24 22:00:00,0.745,0.014,1.182,0.303,0.503,-0.121,0.347,-0.008,-0.109,0.298,-0.214,0.166,0.078,-0.223,0.239,-0.224,0.199,-0.171,0.163,1.843,0.056,-0.101,-0.057,0.054,0.490,0.459,-0.049,-0.479,0.388,0.499,0.163,0.121,1.188,0.451,0.000,0.108,0.327,0.445,0.485,0.565,0.651,0.224,-0.534,0.345,1.111,0.423,0.595,0.775,1.035,0.758,0.600,0.924,0.572,0.388,0.192,0.270,0.323,0.799,0.266,0.409,0.315,0.632,0.363,0.501,0.536,-0.019,0.031,0.169,0.338,0.292,0.176,-0.139,0.868,0.618,0.616,0.098,0.613,0.338,0.135,0.252,0.133,0.269,0.567,0.369,0.430,0.197,0.568,0.706,1.380,0.079,0.922,0.062,0.683,0.225,0.633,0.314,-0.021,0.226,0.673,-0.048
2011-11-24 23:00:00,0.395,0.017,0.275,0.262,0.513,-0.185,0.208,-0.009,-0.296,0.264,-0.272,0.052,0.037,-0.255,0.132,-0.206,0.215,-0.344,0.168,1.598,0.066,-0.371,0.044,-0.087,0.257,0.463,-0.085,-0.606,0.469,0.435,0.236,0.046,1.338,0.276,0.000,0.080,0.288,0.440,0.372,0.454,0.508,0.122,-0.619,0.246,0.954,0.214,0.481,0.641,0.914,0.514,0.566,0.916,0.381,0.315,0.168,0.208,0.271,0.821,0.056,0.351,0.253,0.509,0.361,0.463,0.432,-0.178,-0.029,0.182,0.219,0.266,-0.095,-0.133,0.875,0.465,0.547,0.203,0.530,0.222,0.107,0.217,0.123,0.288,0.560,0.240,0.361,-0.025,0.509,0.544,1.363,0.084,0.922,0.036,0.578,0.101,0.405,0.261,-0.007,0.154,0.590,-0.238
2011-11-25 00:00:00,0.320,0.060,0.093,0.272,0.437,-0.175,0.174,-0.057,-0.198,0.160,-0.306,0.071,-0.024,-0.304,0.113,-0.221,0.216,-0.483,0.157,1.436,0.065,-0.381,-0.095,-0.167,0.026,0.247,-0.165,-0.628,0.324,0.355,0.201,0.054,1.437,0.186,0.000,0.085,0.293,0.312,0.298,0.396,0.357,0.124,-0.615,0.139,0.912,0.118,0.474,0.553,0.870,0.353,0.598,0.833,0.353,0.250,0.213,0.197,0.266,0.911,-0.076,0.297,0.215,0.405,0.394,0.445,0.342,-0.233,-0.099,0.220,0.191,0.101,-0.300,-0.175,0.878,0.411,0.537,0.181,0.579,0.150,0.062,0.136,0.027,0.261,0.404,0.299,0.316,-0.219,0.458,0.404,1.305,0.084,0.812,0.080,0.602,0.029,0.280,0.230,-0.007,0.141,0.582,-0.436
2011-11-25 01:00:00,0.080,-0.114,0.093,0.255,0.434,-0.168,0.215,-0.065,-0.041,0.071,-0.176,0.084,-0.045,-0.306,0.120,-0.184,0.205,-0.494,0.151,1.439,0.064,-0.403,-0.151,-0.193,-0.190,0.340,-0.079,-0.593,0.386,0.410,0.164,0.053,1.149,0.165,0.000,0.045,0.264,0.204,0.251,0.362,0.211,0.034,-0.578,0.110,0.898,0.084,0.482,0.506,0.838,0.272,0.543,0.769,0.309,0.232,0.231,0.189,0.255,0.867,-0.021,0.259,0.196,0.264,0.365,0.512,0.177,-0.120,-0.146,0.079,0.107,-0.032,-0.400,-0.239,0.893,0.337,0.401,0.088,0.430,0.200,0.060,0.066,0.012,0.212,0.338,0.405,0.265,-0.110,0.407,0.366,1.205,0.081,0.808,0.101,0.376,0.062,0.202,0.181,-0.018,0.153,0.499,-0.533
2011-11-25 02:00:00,0.066,-0.208,-0.090,0.172,0.555,-0.281,0.251,-0.098,-0.182,0.043,-0.249,0.083,-0.031,-0.342,0.083,-0.215,0.197,-0.547,0.135,1.291,0.063,-0.385,-0.214,-0.342,-0.435,0.394,0.118,-0.642,-0.017,0.397,0.168,-0.013,0.798,0.091,0.000,-0.122,0.232,0.092,0.253,0.274,0.134,-0.006,-0.656,0.094,1.001,-0.032,0.489,0.504,0.791,0.283,0.495,0.693,0.321,0.195,0.232,0.203,0.253,0.701,-0.006,0.286,0.178,0.216,0.361,0.445,0.049,-0.189,-0.093,0.167,0.016,-0.064,-0.459,-0.376,0.886,0.321,0.358,0.042,0.355,0.176,0.016,-0.062,0.046,0.186,0.340,0.595,0.223,-0.143,0.359,0.368,0.981,0.071,0.773,0.103,0.309,0.034,0.203,0.126,0.013,0.177,0.333,-0.444
2011-11-25 03:00:00,0.017,-0.209,-0.062,0.243,0.363,-0.336,0.087,-0.212,-0.250,0.031,-0.340,0.018,-0.137,-0.407,0.019,-0.185,0.195,-0.497,0.116,1.254,0.053,-0.471,-0.358,-0.486,-0.565,0.236,0.252,-0.656,-0.195,0.323,0.159,-0.067,0.460,0.098,0.000,-0.322,0.177,0.059,0.263,0.404,0.103,0.008,-0.756,-0.049,0.783,-0.247,0.524,0.586,0.737,0.287,0.431,0.696,0.329,0.175,0.270,0.193,0.269,0.791,0.076,0.344,0.191,0.304,0.412,0.500,-0.130,-0.261,-0.147,0.143,0.030,-0.037,-0.600,-0.392,0.876,0.365,0.332,0.025,0.239,0.202,-0.000,-0.108,0.046,0.177,0.297,0.715,0.181,-0.177,0.268,0.407,0.800,0.028,0.712,0.077,0.267,0.018,0.128,0.051,-0.003,0.158,0.095,0.080
2011-11-25 04:00:00,-0.109,-0.154,0.006,0.279,0.142,-0.300,-0.011,-0.290,-0.327,0.069,-0.394,-0.048,-0.213,-0.483,-0.011,-0.095,0.185,-0.475,0.108,1.222,0.048,-0.632,-0.538,-0.448,-0.898,0.019,0.221,-0.750,-0.423,0.334,0.199,-0.051,0.350,0.115,0.000,-0.400,0.095,-0.004,0.275,0.442,0.056,-0.056,-0.932,-0.172,0.781,-0.389,0.572,0.594,0.750,0.244,0.406,0.545,0.302,0.107,0.315,0.176,0.271,0.852,0.092,0.208,0.159,0.335,0.366,0.450,-0.120,-0.367,-0.072,-0.003,0.054,-0.367,-0.741,-0.424,0.878,0.368,0.228,-0.014,0.183,0.226,0.000,-0.116,0.008,0.133,0.341,0.697,0.213,-0.111,0.187,0.396,0.706,-0.037,0.737,0.089,0.215,-0.027,0.219,-0.002,0.016,0.161,-0.018,0.408
2011-11-25 05:00:00,-0.020,-0.137,-0.051,0.344,0.196,-0.322,-0.003,-0.291,-0.479,-0.032,-0.306,-0.142,-0.156,-0.488,0.036,-0.117,0.191,-0.418,0.112,1.335,0.050,-0.613,-0.589,-0.292,-1.075,0.159,0.046,-0.923,-0.490,0.457,0.255,-0.026,0.354,0.154,0.000,-0.436,0.091,-0.007,0.351,0.444,0.038,-0.120,-0.847,-0.196,0.957,-0.371,0.635,0.543,0.675,0.282,0.425,0.566,0.427,0.151,0.337,0.189,0.296,0.842,0.096,0.327,0.159,0.511,0.451,0.386,0.078,-0.406,0.083,-0.010,0.087,-0.327,-0.588,-0.359,0.828,0.257,0.236,0.031,0.297,0.221,-0.013,-0.083,-0.054,0.114,0.563,0.713,0.202,0.064,0.149,0.424,0.612,-0.112,0.805,0.102,0.149,0.017,0.298,-0.008,0.058,0.173,-0.114,0.095
2011-11-25 06:00:00,0.246,-0.288,-0.008,0.402,0.214,-0.366,0.037,-0.248,-0.682,-0.093,-0.510,-0.164,-0.129,-0.504,0.065,-0.260,0.193,-0.325,0.115,1.560,0.065,-0.698,-0.504,-0.217,-0.953,0.123,0.119,-0.921,-0.498,0.453,0.490,-0.053,0.428,0.191,0.000,-0.365,0.082,0.003,0.329,0.337,0.215,-0.161,-0.780,-0.113,0.861,-0.317,0.708,0.596,0.617,0.370,0.530,0.580,0.597,0.279,0.268,0.285,0.362,1.168,0.091,0.393,0.170,0.624,0.638,0.384,0.227,-0.439,0.292,-0.102,0.022,-0.307,-0.403,-0.363,0.838,0.236,0.225,0.017,0.320,0.270,0.017,-0.056,-0.065,0.098,0.538,0.687,0.268,0.056,0.142,0.515,0.567,-0.160,0.975,0.182,0.292,0.099,0.537,0.052,0.107,0.127,-0.053,-0.032
2011-11-25 07:00:00,0.257,-0.280,0.523,0.585,0.220,-0.282,-0.020,-0.201,-0.483,-0.079,-0.347,-0.257,-0.110,-0.532,0.001,-0.239,0.189,-0.412,0.089,1.636,0.075,-0.696,-0.292,-0.098,-0.518,0.082,0.037,-1.116,-0.416,0.370,0.588,-0.038,0.383,0.135,0.000,-0.284,0.073,0.061,0.291,-0.012,0.348,-0.153,-0.717,0.032,0.881,-0.224,0.808,0.602,0.547,0.500,0.473,0.545,0.891,0.423,0.192,0.295,0.442,0.985,0.144,0.386,0.205,0.714,0.601,0.425,0.286,-0.345,0.393,-0.194,0.044,-0.193,-0.345,-0.314,0.180,0.365,0.268,-0.016,0.406,0.256,0.038,-0.026,-0.019,0.122,0.701,0.553,0.221,0.126,0.153,0.563,0.438,-0.160,1.003,0.174,0.508,0.250,0.728,0.017,0.195,0.212,-0.100,-0.024
2011-11-25 08:00:00,0.524,-0.087,1.128,0.623,0.242,-0.285,-0.008,-0.145,-0.458,-0.129,-0.153,-0.279,-0.098,-0.543,-0.062,-0.242,0.171,-0.486,0.072,1.485,0.073,-0.516,-0.181,-0.195,-0.347,-0.301,-0.170,-1.032,-0.499,0.304,0.595,-0.048,0.222,0.102,0.000,-0.240,0.075,0.133,0.334,-0.087,0.452,-0.158,-0.711,0.180,0.880,-0.139,0.788,0.559,0.514,0.783,0.512,0.597,0.747,0.448,0.111,0.259,0.421,0.829,0.132,0.462,0.240,0.539,0.386,0.410,0.024,-0.288,0.248,-0.158,0.112,-0.003,-0.222,-0.124,0.083,0.361,0.250,0.012,0.398,0.267,0.051,-0.016,0.010,0.127,0.684,0.700,0.186,0.496,0.209,0.570,0.631,-0.086,1.029,0.148,0.566,0.451,0.848,-0.055,0.161,0.261,-0.153,-0.280
2011-11-25 09:00:00,0.755,-0.108,1.485,0.720,0.460,-0.268,0.095,-0.102,-0.324,-0.059,-0.139,-0.230,0.031,-0.498,0.023,-0.257,0.176,-0.416,0.080,1.860,0.067,-0.315,0.093,-0.190,-0.269,-0.017,-0.176,-0.994,-0.177,0.387,0.557,-0.023,0.122,0.104,0.000,-0.125,0.094,0.162,0.325,-0.038,0.473,-0.047,-0.752,0.523,0.897,-0.178,0.684,0.579,0.511,0.755,0.642,0.592,0.567,0.443,0.058,0.250,0.315,0.710,-0.001,0.507,0.235,0.255,0.311,0.465,0.065,-0.084,0.389,-0.050,0.114,0.061,-0.009,-0.185,0.082,0.363,0.262,0.069,0.431,0.238,0.048,-0.012,0.025,0.095,0.617,0.664,0.204,0.761,0.245,0.581,0.914,-0.017,0.968,0.155,0.499,0.560,0.861,-0.063,0.154,0.295,-0.010,-0.523
2011-11-25 10:00:00,0.667,-0.103,1.349,0.623,0.378,-0.263,-0.062,-0.195,-0.524,-0.077,-0.119,-0.275,0.003,-0.534,-0.126,-0.287,0.174,-0.332,0.076,1.558,0.055,-0.418,0.130,-0.407,-0.267,0.005,-0.363,-1.003,-0.201,0.322,0.469,-0.088,0.066,0.111,0.000,0.006,0.111,0.198,0.252,0.078,0.413,0.091,-0.706,0.905,0.787,-0.202,0.644,0.607,0.431,0.541,0.560,0.588,0.505,0.316,0.079,0.194,0.283,0.483,-0.059,0.570,0.204,0.048,0.391,0.475,0.063,-0.184,0.329,0.037,0.038,-0.094,0.042,-0.169,0.075,0.346,0.233,0.112,0.673,0.249,0.005,-0.060,0.054,0.077,0.453,0.672,0.285,1.119,0.249,0.595,1.034,0.008,0.940,0.150,0.479,0.382,0.871,-0.052,0.232,0.283,0.133,-0.595
2011-11-25 11:00:00,0.618,-0.059,1.423,0.534,0.384,-0.148,-0.080,-0.247,-0.389,-0.077,-0.007,-0.344,0.113,-0.549,-0.150,-0.221,0.175,-0.269,0.073,1.654,0.035,-0.518,0.082,-0.419,-0.147,0.019,-0.218,-0.994,0.046,0.310,0.511,-0.052,0.012,0.119,0.000,0.130,0.182,0.236,0.184,0.136,0.321,0.176,-0.680,0.972,0.800,-0.209,0.648,0.560,0.230,0.385,0.470,0.601,0.453,0.279,0.092,0.194,0.322,0.662,-0.074,0.460,0.187,0.073,0.319,0.400,0.080,-0.198,0.311,0.112,0.074,0.054,0.010,0.001,0.066,0.340,0.294,-0.034,0.610,0.266,0.015,-0.109,0.076,0.039,0.418,0.512,0.326,1.222,0.281,0.545,1.325,-0.017,0.847,0.162,0.519,0.253,0.877,-0.097,0.169,0.223,0.086,-0.598
2011-11-25 12:00:00,0.564,0.014,0.645,0.489,0.391,-0.167,-0.174,-0.265,-0.229,-0.191,0.044,-0.362,0.047,-0.577,-0.263,-0.210,0.160,-0.164,0.060,1.617,0.036,-0.529,-0.060,-0.538,-0.401,0.082,-0.103,-0.973,0.083,0.364,0.553,-0.082,0.047,0.149,0.000,0.250,0.293,0.303,0.201,0.186,0.282,0.251,-0.577,0.767,0.831,-0.122,0.672,0.563,0.273,0.370,0.432,0.569,0.505,0.143,0.103,0.221,0.350,0.940,-0.042,0.453,0.174,0.220,0.321,0.404,0.020,-0.315,0.354,0.096,0.135,0.165,-0.132,0.062,0.064,0.454,0.200,0.009,0.890,0.325,-0.026,-0.137,0.142,0.023,0.232,0.453,0.379,1.096,0.292,0.511,1.420,-0.023,0.779,0.172,0.478,0.127,0.868,-0.077,0.104,0.366,0.180,-0.468
2011-11-25 13:00:00,0.702,0.019,0.170,0.579,0.457,-0.164,-0.028,-0.259,-0.189,-0.170,0.057,-0.342,0.138,-0.595,-0.148,-0.247,0.154,-0.080,0.067,1.665,0.036,-0.199,-0.123,-0.532,-0.606,0.095,0.000,-0.816,0.056,0.415,0.567,-0.043,0.162,0.223,0.000,0.275,0.381,0.401,0.178,0.218,0.439,0.324,-0.487,0.507,0.670,0.107,0.730,0.598,0.426,0.373,0.457,0.571,0.551,0.027,0.124,0.290,0.337,0.749,-0.042,0.405,0.176,0.240,0.313,0.417,0.066,-0.233,0.322,0.210,0.199,-0.074,-0.246,0.254,0.044,0.547,0.223,0.107,0.714,0.420,0.014,-0.076,0.193,0.035,0.151,0.388,0.399,1.089,0.316,0.506,1.424,0.006,0.783,0.235,0.344,0.179,0.971,-0.051,0.048,0.400,0.231,-0.254
2011-11-25 14:00:00,0.739,0.094,0.280,0.476,0.392,-0.145,0.041,-0.244,-0.107,-0.077,0.085,-0.311,0.120,-0.587,-0.119,-0.230,0.144,0.111,0.116,1.688,0.053,-0.077,-0.193,-0.529,-0.756,0.159,0.442,-0.832,0.101,0.473,0.561,-0.026,0.298,0.291,0.000,0.382,0.472,0.454,0.242,0.184,0.603,0.288,-0.345,0.347,0.731,0.205,0.790,0.585,0.528,0.368,0.303,0.596,0.551,0.073,0.137,0.298,0.378,0.725,0.040,0.290,0.180,0.365,0.346,0.470,0.138,-0.189,0.345,0.266,0.279,0.036,0.046,0.213,0.051,0.604,0.122,0.049,0.804,0.395,0.011,0.031,0.197,0.085,0.130,0.291,0.448,1.193,0.364,0.536,1.543,0.056,0.807,0.237,0.361,0.267,1.007,-0.041,0.106,0.387,0.446,0.110
2011-11-25 15:00:00,0.790,0.276,0.227,0.579,0.519,-0.093,0.071,-0.173,-0.216,-0.004,0.043,-0.267,0.082,-0.548,-0.120,-0.088,0.144,0.143,0.127,1.957,0.064,-0.143,-0.089,-0.446,-0.347,0.348,0.449,-0.814,0.147,0.567,0.618,0.030,0.494,0.355,0.000,0.471,0.485,0.598,0.243,0.286,0.782,0.330,-0.241,0.361,0.773,0.310,0.769,0.586,0.737,0.599,0.175,0.681,0.506,0.116,0.179,0.322,0.352,0.816,0.019,0.239,0.213,0.375,0.324,0.528,0.272,-0.172,0.309,0.287,0.419,0.389,0.107,0.136,0.026,0.646,0.148,-0.090,0.629,0.400,0.035,0.183,0.194,0.169,0.312,0.286,0.549,1.074,0.375,0.579,1.575,0.111,0.849,0.182,0.438,0.445,1.274,0.039,0.150,0.388,0.589,0.081
2011-11-25 16:00:00,1.124,0.433,-0.073,0.771,0.517,-0.100,0.213,-0.162,-0.346,0.097,0.032,-0.156,0.039,-0.523,-0.078,-0.107,0.158,0.166,0.105,1.902,0.063,0.215,-0.076,-0.265,-0.020,0.223,0.660,-0.631,0.164,0.623,0.577,0.068,0.666,0.417,0.000,0.607,0.517,0.699,0.398,0.429,0.913,0.276,-0.180,0.546,0.817,0.402,0.870,0.608,1.092,0.884,0.316,0.752,0.516,0.132,0.209,0.386,0.332,0.942,0.055,0.255,0.231,0.465,0.494,0.521,0.348,-0.170,0.411,0.401,0.532,0.201,-0.239,0.283,0.039,0.768,0.143,-0.144,0.783,0.395,0.045,0.270,0.185,0.246,0.573,0.434,0.541,1.100,0.464,0.671,1.610,0.107,1.017,0.137,0.431,0.534,1.265,0.139,0.191,0.414,0.743,0.178
2011-11-25 17:00:00,1.242,0.297,-0.037,0.868,0.595,-0.039,0.281,-0.174,-0.390,0.134,-0.046,-0.146,0.094,-0.469,-0.005,-0.084,0.186,0.205,0.122,2.206,0.067,0.437,0.074,-0.138,0.591,0.547,0.414,-0.490,0.325,0.740,0.631,0.174,0.778,0.459,0.000,0.554,0.469,0.764,0.488,0.555,1.140,0.238,-0.234,0.912,0.919,0.549,0.962,0.722,1.471,0.965,0.405,0.764,0.715,0.149,0.232,0.377,0.381,1.143,0.193,0.305,0.218,0.618,0.635,0.569,1.014,-0.179,0.446,0.318,0.591,0.548,-0.359,0.367,0.759,0.810,0.188,0.079,0.645,0.467,0.090,0.341,0.147,0.303,0.786,0.480,0.618,1.064,0.538,0.743,1.626,0.050,1.106,0.153,0.541,0.557,1.338,0.212,0.172,0.462,0.828,0.864
2011-11-25 18:00:00,1.175,0.309,0.018,0.859,0.705,-0.035,0.325,-0.151,-0.338,0.149,-0.064,-0.209,0.149,-0.429,-0.039,-0.088,0.207,0.073,0.146,2.109,0.066,0.385,0.250,-0.024,1.053,0.925,0.526,-0.426,0.270,0.729,0.676,0.315,0.865,0.528,0.000,0.486,0.445,0.736,0.527,0.643,1.290,0.155,-0.321,1.131,0.952,0.594,1.050,0.787,1.480,1.041,0.497,0.786,0.766,0.157,0.290,0.397,0.471,1.047,0.323,0.449,0.239,0.830,0.720,0.537,1.218,-0.186,0.382,0.283,0.684,0.546,-0.276,0.467,0.790,0.826,0.235,0.326,0.757,0.507,0.071,0.437,0.098,0.341,0.670,0.461,0.670,0.752,0.605,0.824,1.722,-0.009,1.383,0.107,0.624,0.602,1.423,0.249,0.125,0.442,1.007,0.721
2011-11-25 19:00:00,1.477,0.319,0.168,0.861,0.868,0.027,0.596,-0.033,-0.272,0.242,0.067,-0.176,0.234,-0.321,-0.029,-0.161,0.209,-0.020,0.167,2.039,0.069,0.492,0.551,0.144,1.904,1.048,0.698,-0.294,0.694,0.741,0.740,0.507,1.025,0.656,0.000,0.428,0.425,0.740,0.500,0.759,1.432,0.118,-0.467,1.165,1.094,0.631,1.008,0.798,1.355,1.032,0.473,0.820,0.727,0.069,0.324,0.387,0.468,1.169,0.418,0.624,0.268,0.902,0.704,0.690,1.205,-0.003,0.336,0.244,0.828,0.487,0.051,0.526,0.890,0.851,0.116,0.227,0.783,0.489,0.162,0.662,0.104,0.363,0.924,0.515,0.677,0.780,0.684,0.850,1.742,-0.011,1.458,0.070,0.482,0.659,1.543,0.331,0.151,0.483,1.003,0.080
2011-11-25 20:00:00,1.536,0.216,0.471,0.837,0.919,0.002,0.750,0.060,0.059,0.280,-0.046,-0.071,0.111,-0.282,0.064,-0.171,0.214,-0.147,0.180,1.941,0.080,0.805,0.705,0.159,2.383,1.134,0.672,-0.136,0.755,0.686,0.672,0.623,1.075,0.671,0.000,0.363,0.412,0.778,0.500,0.767,1.418,0.153,-0.565,1.023,1.044,0.707,0.898,0.755,1.185,1.032,0.468,0.856,0.783,0.270,0.335,0.390,0.464,1.216,0.510,0.523,0.326,0.815,0.695,0.772,0.836,0.165,0.239,0.227,0.871,0.737,0.099,0.355,0.874,0.790,0.243,0.122,0.991,0.480,0.201,0.864,0.138,0.367,0.910,0.586,0.548,0.620,0.734,0.901,1.651,0.040,1.206,0.064,0.487,0.582,1.799,0.411,0.169,0.421,1.148,-0.107
2011-11-25 21:00:00,1.048,0.088,0.480,0.726,0.735,-0.038,0.628,0.071,0.254,0.153,-0.015,0.021,0.058,-0.318,-0.014,-0.121,0.194,-0.363,0.182,1.585,0.078,0.815,0.612,-0.184,2.165,0.629,0.381,-0.152,0.433,0.574,0.446,0.578,1.110,0.571,0.000,0.249,0.370,0.778,0.497,0.646,1.204,0.176,-0.640,0.904,1.088,0.740,0.862,0.806,1.246,1.171,0.664,0.939,0.830,0.347,0.313,0.373,0.438,0.942,0.634,0.469,0.365,0.752,0.598,0.850,0.379,0.127,0.072,0.175,0.725,0.437,-0.182,0.105,0.876,0.707,0.344,0.584,0.911,0.470,0.184,0.886,0.143,0.362,0.795,0.520,0.438,0.452,0.780,0.857,1.669,0.099,0.980,0.047,0.671,0.475,1.909,0.404,0.122,0.430,1.111,-0.233
2011-11-25 22:00:00,0.920,0.004,0.623,0.587,0.740,-0.080,0.563,0.013,0.126,0.288,-0.001,0.034,0.042,-0.313,0.044,-0.195,0.195,-0.308,0.181,1.473,0.081,0.683,0.566,-0.361,1.472,0.982,0.336,-0.213,0.305,0.516,0.406,0.563,1.145,0.442,0.000,0.106,0.356,0.694,0.479,0.473,0.942,0.214,-0.703,0.852,1.098,0.645,0.651,0.785,1.161,1.113,0.630,0.899,0.676,0.458,0.213,0.305,0.275,0.676,0.385,0.219,0.317,0.282,0.294,0.763,0.281,0.003,-0.005,0.250,0.604,0.314,-0.076,0.010,0.879,0.662,0.473,1.026,0.796,0.468,0.193,0.642,0.114,0.332,0.429,0.608,0.355,0.250,0.819,0.760,1.439,0.152,0.970,0.044,0.660,0.320,1.987,0.320,0.090,0.456,1.149,-0.454
2011-11-25 23:00:00,0.768,0.016,0.413,0.450,0.672,-0.156,0.443,-0.078,-0.103,0.187,-0.266,-0.001,-0.041,-0.335,-0.026,-0.287,0.194,-0.344,0.177,1.369,0.067,0.449,0.411,-0.496,0.970,1.012,0.393,-0.379,0.434,0.527,0.379,0.478,1.156,0.419,0.000,0.154,0.349,0.561,0.377,0.440,0.687,0.234,-0.569,0.728,0.955,0.482,0.538,0.793,1.001,0.896,0.505,0.861,0.656,0.213,0.202,0.181,0.229,0.779,0.169,0.342,0.256,0.266,0.329,0.755,0.261,-0.218,0.008,0.236,0.509,-0.062,-0.143,-0.027,0.890,0.585,0.462,0.784,0.590,0.342,0.171,0.441,0.133,0.297,0.361,0.659,0.306,0.157,0.833,0.693,1.355,0.193,0.920,0.066,0.596,0.283,1.888,0.320,0.066,0.440,1.116,-0.525
2011-11-26 00:00:00,0.437,-0.172,0.281,0.301,0.465,-0.075,0.430,-0.105,-0.177,0.066,-0.429,0.007,-0.089,-0.362,-0.109,-0.326,0.197,-0.402,0.167,1.282,0.061,0.318,0.310,-0.423,0.363,0.768,0.477,-0.500,0.377,0.500,0.406,0.461,1.035,0.333,0.000,0.045,0.328,0.410,0.249,0.448,0.585,0.273,-0.484,0.626,0.955,0.352,0.492,0.756,0.983,0.496,0.444,0.778,0.600,0.134,0.207,0.174,0.257,1.084,0.011,0.279,0.227,0.303,0.396,0.584,0.144,-0.213,-0.022,0.133,0.401,-0.284,-0.481,-0.107,0.875,0.540,0.498,0.285,0.510,0.236,0.155,0.307,0.119,0.255,0.363,0.778,0.240,-0.130,0.754,0.598,1.299,0.207,0.860,0.080,0.495,0.229,1.717,0.280,0.079,0.463,0.999,-0.566
2011-11-26 01:00:00,0.017,-0.333,0.149,0.282,0.356,-0.126,0.286,-0.145,-0.133,-0.145,-0.446,0.013,-0.163,-0.435,-0.140,-0.365,0.198,-0.462,0.168,1.143,0.062,0.360,0.260,-0.451,-0.091,0.624,0.446,-0.550,0.173,0.441,0.370,0.415,0.806,0.181,0.000,-0.018,0.331,0.306,0.236,0.429,0.375,0.287,-0.510,0.340,0.928,0.253,0.479,0.628,1.132,0.414,0.388,0.715,0.579,0.137,0.275,0.173,0.251,0.848,0.218,0.294,0.208,0.307,0.372,0.651,-0.014,-0.231,0.017,0.007,0.196,-0.380,-0.392,-0.161,0.892,0.484,0.530,0.126,0.404,0.220,0.145,0.156,0.117,0.197,0.320,0.841,0.167,-0.280,0.639,0.449,1.077,0.162,0.750,0.120,0.363,0.226,1.584,0.203,0.100,0.464,0.714,-0.633
2011-11-26 02:00:00,-0.122,-0.268,0.195,0.290,0.449,-0.249,0.354,-0.166,-0.073,-0.150,-0.418,-0.024,-0.207,-0.452,-0.088,-0.348,0.185,-0.481,0.172,1.205,0.056,0.464,0.270,-0.485,-0.563,0.430,0.592,-0.553,-0.262,0.462,0.377,0.408,0.676,0.132,0.000,-0.163,0.327,0.234,0.281,0.561,0.319,0.310,-0.654,0.203,0.841,0.102,0.403,0.549,0.998,0.203,0.503,0.708,0.480,0.127,0.208,0.154,0.205,0.753,0.287,0.193,0.208,0.241,0.255,0.628,-0.195,-0.344,0.036,-0.005,0.091,-0.323,-0.310,-0.181,0.879,0.491,0.632,0.199,0.418,0.262,0.132,0.096,0.159,0.153,0.332,0.734,0.221,-0.085,0.547,0.504,0.990,0.091,0.781,0.118,0.280,0.210,1.718,0.215,0.119,0.435,0.554,-0.440
2011-11-26 03:00:00,-0.097,-0.148,0.263,0.360,0.315,-0.280,0.281,-0.244,-0.131,0.015,-0.360,-0.043,-0.189,-0.474,-0.024,-0.366,0.189,-0.427,0.157,1.236,0.044,0.435,0.235,-0.465,-0.497,0.042,0.681,-0.535,-0.374,0.496,0.391,0.439,0.459,0.097,0.000,-0.348,0.287,0.135,0.317,0.465,0.173,0.236,-0.854,-0.019,0.857,-0.126,0.452,0.568,0.813,0.262,0.366,0.675,0.438,0.287,0.197,0.117,0.196,0.794,0.273,0.218,0.203,0.233,0.325,0.475,-0.316,-0.291,0.032,-0.021,0.081,-0.332,-0.477,-0.194,0.854,0.439,0.510,0.239,0.384,0.301,0.096,0.031,0.117,0.082,0.447,0.597,0.269,-0.097,0.360,0.528,0.759,-0.021,0.810,0.112,0.193,0.213,1.692,0.125,0.188,0.357,0.326,0.220
2011-11-26 04:00:00,-0.213,-0.145,0.161,0.492,-0.035,-0.254,0.063,-0.324,-0.366,-0.055,-0.484,-0.116,-0.246,-0.546,-0.067,-0.303,0.172,-0.511,0.137,1.224,0.027,0.073,0.157,-0.438,-0.774,-0.512,0.547,-0.601,-0.487,0.497,0.371,0.356,0.396,0.133,0.000,-0.512,0.192,0.041,0.382,0.434,0.100,0.170,-1.004,-0.118,0.839,-0.224,0.509,0.588,0.693,0.191,0.274,0.643,0.405,0.164,0.235,0.111,0.252,0.904,0.345,0.226,0.167,0.247,0.383,0.401,-0.266,-0.360,0.047,-0.309,-0.018,-0.386,-0.580,-0.385,0.871,0.408,0.550,0.040,0.244,0.279,0.070,-0.070,0.022,0.033,0.431,0.465,0.203,-0.063,0.226,0.489,0.559,-0.109,1.044,0.109,0.186,0.175,1.960,-0.023,0.271,0.332,0.296,0.429
2011-11-26 05:00:00,-0.172,-0.204,0.146,0.587,0.150,-0.261,0.040,-0.363,-0.681,-0.176,-0.421,-0.190,-0.174,-0.548,-0.140,-0.299,0.179,-0.489,0.127,1.562,0.027,-0.068,0.247,-0.236,-0.995,-0.097,0.631,-0.880,-0.549,0.528,0.414,0.385,0.355,0.130,0.000,-0.564,0.173,0.004,0.425,0.455,0.116,0.101,-1.007,-0.012,0.828,-0.332,0.556,0.480,0.641,0.275,0.285,0.550,0.406,0.139,0.250,0.206,0.296,1.205,0.438,0.268,0.163,0.400,0.411,0.316,0.030,-0.381,0.258,-0.281,-0.031,-0.463,-0.555,-0.446,0.819,0.319,0.714,-0.074,0.247,0.265,0.043,-0.044,0.009,0.025,0.395,0.492,0.109,0.051,0.119,0.431,0.468,-0.194,1.167,0.121,0.221,0.172,2.140,-0.103,0.484,0.296,0.223,-0.185
2011-11-26 06:00:00,-0.001,-0.347,0.191,0.619,0.344,-0.376,-0.036,-0.364,-0.755,-0.293,-0.469,-0.309,-0.222,-0.599,-0.168,-0.437,0.168,-0.488,0.101,1.582,0.031,-0.377,0.230,-0.197,-0.825,0.357,0.608,-0.925,-0.545,0.507,0.647,0.327,0.232,0.228,0.000,-0.446,0.162,-0.030,0.408,0.382,0.285,0.003,-1.025,0.150,0.922,-0.306,0.669,0.571,0.788,0.404,0.468,0.487,0.495,0.167,0.321,0.276,0.370,1.465,0.410,0.410,0.177,0.581,0.584,0.410,0.181,-0.449,0.527,-0.457,-0.018,-0.263,-0.738,-0.380,0.827,0.263,0.717,0.076,0.377,0.273,0.042,-0.031,-0.029,0.022,0.357,0.461,0.197,0.184,0.110,0.405,0.476,-0.219,0.972,0.130,0.302,0.247,2.391,-0.125,0.492,0.234,0.282,-0.377
2011-11-26 07:00:00,0.083,-0.299,0.586,1.021,0.421,-0.235,0.019,-0.293,-0.578,-0.244,-0.249,-0.352,-0.111,-0.632,-0.156,-0.317,0.165,-0.497,0.049,1.762,0.050,-0.207,0.520,-0.059,-0.398,0.542,0.625,-0.996,-0.366,0.527,0.738,0.412,0.127,0.277,0.000,-0.399,0.103,0.034,0.343,0.263,0.495,0.045,-1.011,0.375,0.920,-0.217,0.869,0.658,0.758,0.606,0.498,0.492,0.669,0.284,0.326,0.317,0.443,1.080,0.278,0.350,0.210,0.642,0.531,0.490,0.149,-0.286,0.664,-0.509,0.215,-0.174,-0.446,-0.328,0.179,0.278,0.593,0.198,0.556,0.283,0.077,0.040,-0.025,0.083,0.366,0.508,0.376,0.347,0.063,0.377,0.542,-0.184,0.942,0.215,0.351,0.349,2.480,-0.144,0.315,0.397,0.320,-0.354
2011-11-26 08:00:00,0.293,-0.084,0.795,1.206,0.367,-0.249,0.108,-0.244,-0.285,-0.269,-0.026,-0.330,-0.043,-0.620,-0.156,-0.194,0.134,-0.405,0.015,1.781,0.059,-0.046,0.568,-0.105,-0.078,0.412,0.397,-1.012,-0.364,0.572,0.563,0.425,0.140,0.444,0.000,-0.242,0.138,0.102,0.275,0.123,0.662,0.230,-0.999,0.621,0.914,-0.100,0.982,0.593,0.886,0.731,0.543,0.484,0.762,0.558,0.207,0.257,0.509,0.894,0.151,0.340,0.227,0.573,0.438,0.581,0.133,-0.113,0.635,-0.387,0.302,-0.146,-0.123,-0.246,0.063,0.272,0.389,0.109,0.794,0.276,0.109,0.151,0.033,0.125,0.330,0.559,0.508,0.758,0.186,0.366,0.658,-0.143,0.918,0.201,0.366,0.543,2.496,-0.112,0.184,0.392,0.257,-0.519
2011-11-26 09:00:00,0.566,-0.154,0.971,1.004,0.493,-0.216,0.333,-0.214,-0.200,-0.255,0.150,-0.244,0.024,-0.577,-0.104,-0.089,0.134,-0.087,0.034,1.948,0.061,-0.064,0.666,-0.291,-0.111,0.738,0.407,-0.965,-0.123,0.694,0.412,0.323,0.242,0.571,0.000,-0.205,0.180,0.233,0.277,0.246,0.706,0.459,-0.871,1.052,0.825,-0.067,0.880,0.573,0.766,0.576,0.614,0.501,0.624,0.623,0.134,0.225,0.359,0.521,-0.003,0.405,0.226,0.312,0.465,0.565,0.099,-0.001,0.608,-0.204,0.265,0.023,-0.152,-0.133,0.062,0.252,0.301,0.166,1.031,0.250,0.138,0.205,0.138,0.149,0.282,0.589,0.636,1.082,0.327,0.349,0.845,-0.083,0.908,0.199,0.367,0.668,2.446,-0.130,0.231,0.439,0.330,-0.645
2011-11-26 10:00:00,0.740,-0.075,1.076,0.735,0.477,-0.117,0.403,-0.171,-0.052,-0.214,0.296,-0.235,0.083,-0.569,-0.083,0.065,0.145,0.285,0.056,2.141,0.081,0.083,0.756,-0.331,0.183,0.977,0.339,-0.887,0.162,0.788,0.398,0.260,0.255,0.544,0.000,-0.105,0.212,0.326,0.221,0.199,0.605,0.519,-0.669,1.473,0.819,-0.066,0.854,0.575,0.632,0.542,0.573,0.470,0.551,0.468,0.136,0.257,0.262,0.332,0.022,0.402,0.192,0.130,0.627,0.551,0.238,-0.009,0.540,0.189,0.206,0.003,-0.165,-0.131,0.054,0.279,0.187,0.560,1.078,0.242,0.142,0.141,0.212,0.125,0.278,0.418,0.732,1.353,0.457,0.367,1.015,-0.024,0.893,0.220,0.357,0.691,2.146,-0.170,0.306,0.555,0.389,-0.534
2011-11-26 11:00:00,0.852,0.078,1.063,0.664,0.420,0.023,0.356,-0.165,0.017,-0.189,0.268,-0.252,0.071,-0.599,-0.011,0.167,0.138,0.613,0.053,2.091,0.087,-0.017,0.723,-0.420,0.293,1.318,0.298,-0.575,0.385,0.915,0.501,0.230,0.334,0.663,0.000,0.112,0.282,0.387,0.139,0.149,0.519,0.783,-0.397,1.553,0.852,0.017,0.792,0.635,0.365,0.446,0.485,0.469,0.570,0.206,0.130,0.205,0.311,0.817,0.280,0.323,0.144,0.054,0.365,0.511,0.241,-0.154,0.465,0.290,0.266,-0.011,-0.082,-0.055,0.052,0.368,0.087,0.869,1.028,0.213,0.158,0.074,0.294,0.104,0.400,0.470,0.861,1.441,0.602,0.357,1.175,0.044,0.671,0.271,0.380,0.696,1.926,-0.157,0.365,0.635,0.262,-0.441
2011-11-26 12:00:00,0.960,0.211,0.842,0.541,0.590,0.129,0.488,-0.117,0.081,-0.249,0.343,-0.190,0.114,-0.578,0.146,0.227,0.128,0.880,0.048,2.115,0.085,0.541,0.550,-0.155,0.399,1.529,0.248,-0.215,0.660,1.169,0.551,0.243,0.500,0.837,0.000,0.497,0.405,0.484,0.179,0.313,0.501,0.947,-0.053,1.283,0.839,0.111,0.794,0.764,0.141,0.539,0.442,0.500,0.602,0.186,0.156,0.224,0.412,1.055,0.649,0.387,0.163,0.185,0.267,0.404,0.316,-0.143,0.400,0.462,0.425,0.087,-0.049,0.098,0.052,0.570,0.001,0.937,1.044,0.201,0.145,-0.019,0.417,0.106,0.509,0.465,0.915,1.524,0.689,0.402,1.446,0.123,0.764,0.269,0.375,0.707,1.716,-0.052,0.336,0.770,0.353,-0.291
2011-11-26 13:00:00,1.061,0.209,0.655,0.396,0.738,0.187,0.764,0.024,0.244,-0.170,0.580,-0.147,0.227,-0.523,0.356,0.199,0.113,0.991,0.045,2.373,0.068,0.987,0.369,-0.046,0.408,1.816,0.501,-0.042,0.719,1.428,0.578,0.239,0.580,0.922,0.000,0.711,0.477,0.516,0.191,0.359,0.583,0.965,0.201,0.968,0.779,0.204,0.807,0.711,0.204,0.602,0.434,0.530,0.575,0.239,0.199,0.238,0.308,0.805,1.020,0.433,0.145,0.217,0.324,0.558,0.491,-0.127,0.477,0.510,0.507,0.302,-0.064,0.198,0.042,0.806,0.049,0.546,1.150,0.222,0.173,-0.118,0.455,0.060,0.470,0.504,0.840,1.500,0.726,0.487,1.578,0.201,0.735,0.306,0.384,0.725,1.673,0.004,0.318,0.815,0.117,-0.001
2011-11-26 14:00:00,1.000,0.215,0.838,0.470,0.702,0.187,0.830,0.108,0.631,0.026,0.566,-0.090,0.189,-0.504,0.378,0.220,0.099,1.077,0.045,2.393,0.065,1.163,0.195,0.061,0.657,1.354,0.670,0.202,0.739,1.455,0.627,0.260,0.715,0.990,0.000,0.746,0.588,0.552,0.242,0.485,0.806,0.947,0.295,0.769,0.831,0.302,0.748,0.673,0.307,0.434,0.432,0.550,0.595,0.309,0.243,0.316,0.372,0.599,1.190,0.399,0.160,0.203,0.430,0.577,0.454,-0.062,0.426,0.497,0.477,0.321,0.059,0.334,0.044,0.902,0.271,0.076,1.116,0.268,0.155,-0.110,0.462,0.052,0.685,0.663,0.737,1.581,0.694,0.589,1.613,0.230,0.827,0.322,0.409,0.688,1.457,0.101,0.255,0.878,0.112,0.418
2011-11-26 15:00:00,1.112,0.461,0.964,0.461,0.750,0.264,0.998,0.190,0.651,0.249,0.573,-0.060,0.106,-0.448,0.464,0.239,0.114,1.082,0.055,2.610,0.070,1.171,0.162,0.240,0.697,0.997,0.683,0.458,0.721,1.619,0.567,0.331,0.812,1.044,0.000,0.846,0.638,0.557,0.246,0.666,0.891,1.083,0.326,0.672,0.910,0.204,0.729,0.774,0.483,0.351,0.307,0.600,0.545,0.198,0.280,0.314,0.356,0.577,1.099,0.299,0.171,0.235,0.404,0.629,0.729,0.069,0.436,0.500,0.619,0.533,0.016,0.484,0.018,1.013,0.369,-0.060,1.156,0.326,0.175,0.016,0.439,0.052,0.731,0.618,0.774,1.625,0.767,0.764,1.606,0.194,1.038,0.313,0.446,0.665,1.336,0.255,0.259,0.895,0.302,0.485
2011-11-26 16:00:00,1.472,0.585,0.763,0.494,0.995,0.197,1.166,0.211,0.381,0.407,0.442,-0.008,0.118,-0.368,0.592,0.174,0.154,1.077,0.074,2.859,0.062,1.338,0.211,0.544,0.992,0.697,0.653,0.681,0.793,1.703,0.552,0.370,0.896,1.142,0.000,0.815,0.686,0.531,0.349,0.806,0.996,0.908,0.342,0.694,0.867,0.187,0.718,0.791,0.697,0.381,0.332,0.664,0.570,0.157,0.338,0.384,0.361,0.963,0.723,0.251,0.198,0.234,0.554,0.632,1.096,0.101,0.655,0.447,0.685,0.847,0.138,0.620,0.044,1.054,0.437,-0.092,1.239,0.358,0.151,0.134,0.416,0.114,0.625,0.750,0.740,1.636,0.721,0.959,1.601,0.118,1.064,0.274,0.539,0.695,1.139,0.353,0.280,0.826,0.536,0.753
2011-11-26 17:00:00,1.457,0.435,0.583,0.482,1.053,0.169,1.194,0.210,0.297,0.474,0.181,0.007,0.099,-0.309,0.626,0.042,0.188,0.922,0.123,2.726,0.074,1.367,0.280,0.601,1.211,0.566,0.403,0.855,0.776,1.691,0.558,0.343,1.099,1.088,0.000,0.762,0.656,0.462,0.461,0.676,0.971,0.654,0.207,0.904,0.952,0.285,0.806,0.741,0.929,0.552,0.450,0.730,0.673,0.196,0.354,0.400,0.438,1.734,0.443,0.389,0.201,0.344,0.630,0.681,1.612,0.012,0.672,0.329,0.621,0.624,0.052,0.600,0.783,0.984,0.497,-0.044,1.093,0.370,0.147,0.187,0.282,0.144,0.523,0.759,0.632,1.482,0.694,1.016,1.589,0.023,1.317,0.237,0.675,0.653,1.099,0.384,0.251,0.742,0.731,1.318
2011-11-26 18:00:00,1.348,0.257,0.454,0.501,1.035,0.186,1.164,0.179,-0.015,0.512,0.195,-0.081,0.206,-0.278,0.494,-0.094,0.206,0.526,0.176,2.656,0.083,0.865,0.409,0.654,1.754,0.653,0.421,0.669,0.750,1.533,0.511,0.376,1.055,0.999,0.000,0.757,0.568,0.391,0.543,0.513,1.047,0.443,0.119,1.097,0.989,0.312,0.868,0.880,1.123,0.565,0.551,0.733,0.704,0.279,0.311,0.427,0.510,1.469,0.326,0.452,0.228,0.410,0.699,0.573,1.728,0.043,0.656,0.185,0.579,0.803,0.041,0.416,0.802,0.919,0.603,-0.008,1.025,0.366,0.103,0.199,0.219,0.206,0.469,0.742,0.565,1.185,0.586,1.011,1.547,-0.037,1.338,0.187,0.680,0.626,1.120,0.428,0.226,0.648,0.748,1.002
2011-11-26 19:00:00,1.294,0.304,0.508,0.565,1.065,0.081,1.177,0.245,-0.126,0.475,0.049,-0.089,0.213,-0.225,0.286,-0.206,0.190,0.192,0.223,2.313,0.094,0.741,0.577,0.642,1.998,0.786,0.438,0.572,1.062,1.262,0.571,0.410,0.981,0.923,0.000,0.653,0.573,0.359,0.483,0.525,1.178,0.302,-0.027,1.000,1.123,0.373,0.900,0.968,1.215,0.893,0.571,0.829,0.789,0.406,0.371,0.491,0.583,1.116,0.272,0.729,0.274,0.721,0.874,0.690,1.502,0.105,0.486,0.128,0.598,0.889,0.162,0.282,0.883,0.845,0.692,0.066,1.007,0.380,0.140,0.351,0.189,0.283,0.419,0.791,0.540,1.012,0.592,0.957,1.675,-0.023,1.428,0.133,0.699,0.581,1.420,0.458,0.200,0.572,0.917,0.248
2011-11-26 20:00:00,1.103,0.138,0.512,0.629,1.105,0.052,1.163,0.360,0.086,0.413,0.018,-0.036,0.078,-0.200,0.060,-0.274,0.183,-0.164,0.254,2.059,0.102,0.498,0.723,0.439,2.306,0.345,0.392,0.541,0.871,0.921,0.416,0.359,0.911,0.813,0.000,0.486,0.496,0.331,0.513,0.446,1.355,0.131,-0.229,0.849,1.094,0.466,0.811,0.795,1.253,1.023,0.599,0.943,0.832,0.447,0.248,0.413,0.531,1.003,0.262,0.543,0.368,0.913,1.087,0.837,0.954,0.219,0.343,0.080,0.601,0.724,0.044,0.109,0.874,0.679,0.720,-0.045,0.945,0.388,0.162,0.568,0.152,0.309,0.349,0.678,0.515,0.892,0.638,0.905,1.655,0.043,1.376,0.093,0.712,0.543,1.569,0.499,0.132,0.546,1.051,-0.079
2011-11-26 21:00:00,0.978,0.019,0.563,0.577,0.908,-0.062,1.055,0.368,0.262,0.355,0.107,0.057,0.093,-0.227,-0.030,-0.269,0.195,-0.370,0.222,1.681,0.095,0.492,0.629,0.117,2.178,0.181,0.242,0.589,0.673,0.528,0.343,0.302,0.912,0.723,0.000,0.246,0.416,0.299,0.556,0.274,1.403,0.148,-0.523,0.806,1.021,0.483,0.777,0.831,1.216,1.044,0.653,0.977,0.747,0.490,0.242,0.386,0.424,0.865,0.360,0.446,0.399,0.892,0.717,0.763,0.369,0.283,0.168,0.225,0.525,0.718,0.035,0.000,0.889,0.544,0.788,-0.163,0.931,0.361,0.153,0.629,0.119,0.311,0.317,0.725,0.407,0.666,0.638,0.837,1.679,0.107,1.312,0.052,0.648,0.480,1.540,0.479,0.080,0.458,1.035,-0.283
2011-11-26 22:00:00,0.805,-0.016,0.598,0.482,0.879,-0.086,0.902,0.312,0.158,0.420,-0.033,0.061,0.065,-0.212,-0.163,-0.282,0.209,-0.362,0.189,1.458,0.095,0.100,0.513,-0.248,2.149,0.407,0.276,0.764,0.586,0.438,0.374,0.337,0.969,0.553,0.000,0.128,0.402,0.302,0.535,0.235,1.232,0.235,-0.744,0.702,0.996,0.517,0.623,0.816,0.880,1.045,0.760,0.973,0.638,0.346,0.227,0.277,0.285,0.912,0.314,0.346,0.352,0.723,0.268,0.679,0.411,0.066,-0.012,0.212,0.421,0.393,0.009,-0.015,0.913,0.438,0.593,-0.053,0.538,0.325,0.169,0.507,0.129,0.341,0.325,0.586,0.356,0.475,0.634,0.675,1.636,0.166,1.381,0.044,0.559,0.390,1.563,0.426,0.043,0.376,0.798,-0.371
2011-11-26 23:00:00,0.698,-0.104,0.282,0.428,0.709,-0.136,0.631,0.243,-0.147,0.247,-0.224,0.028,-0.032,-0.267,-0.204,-0.271,0.210,-0.550,0.186,1.150,0.084,-0.481,0.173,-0.585,1.740,0.467,0.300,0.392,0.464,0.294,0.427,0.311,0.855,0.391,0.000,0.035,0.341,0.282,0.429,0.167,0.862,0.238,-0.696,0.493,0.962,0.648,0.510,0.735,0.717,0.715,0.648,0.957,0.607,0.153,0.230,0.186,0.256,0.818,0.113,0.351,0.302,0.532,0.242,0.550,0.163,-0.149,-0.091,0.266,0.317,0.040,-0.349,-0.093,0.880,0.360,0.558,0.042,0.477,0.285,0.188,0.425,0.146,0.340,0.403,0.659,0.314,0.266,0.591,0.479,1.508,0.226,0.968,0.045,0.520,0.272,1.617,0.395,0.058,0.382,0.666,-0.583
2011-11-27 00:00:00,0.473,-0.272,0.080,0.354,0.401,-0.114,0.394,0.171,-0.182,0.025,-0.396,0.076,-0.086,-0.350,-0.206,-0.286,0.214,-0.585,0.187,0.924,0.075,-0.441,-0.091,-0.675,1.165,0.339,0.193,0.157,0.283,0.166,0.481,0.336,0.571,0.237,0.000,-0.031,0.296,0.234,0.373,-0.020,0.561,0.203,-0.636,0.350,0.732,0.634,0.488,0.624,0.751,0.536,0.488,0.902,0.646,0.133,0.226,0.160,0.246,0.663,0.042,0.304,0.251,0.389,0.327,0.543,-0.159,-0.207,-0.110,0.278,0.164,-0.250,-0.372,-0.063,0.871,0.367,0.554,0.147,0.171,0.247,0.127,0.302,0.138,0.302,0.357,0.449,0.212,-0.023,0.574,0.330,1.471,0.226,0.808,0.065,0.446,0.244,1.655,0.311,0.046,0.360,0.559,-0.679
2011-11-27 01:00:00,0.103,-0.425,-0.058,0.336,0.391,-0.149,0.159,0.102,-0.085,-0.151,-0.439,0.021,-0.147,-0.402,-0.212,-0.259,0.194,-0.633,0.181,0.727,0.065,-0.551,-0.238,-0.734,0.502,0.570,0.323,-0.347,0.016,0.168,0.460,0.338,0.445,0.171,0.000,-0.095,0.243,0.195,0.253,-0.030,0.420,0.258,-0.577,0.329,0.901,0.486,0.464,0.499,0.784,0.362,0.446,0.853,0.572,0.286,0.189,0.162,0.227,0.611,0.046,0.182,0.233,0.252,0.352,0.511,-0.223,-0.358,-0.067,0.081,0.019,-0.452,-0.275,-0.098,0.870,0.413,0.501,0.083,0.205,0.205,0.150,0.149,0.198,0.243,0.274,0.531,0.124,-0.375,0.486,0.276,1.337,0.186,0.707,0.091,0.322,0.207,1.589,0.184,0.097,0.390,0.446,-0.864
2011-11-27 02:00:00,0.089,-0.294,-0.045,0.295,0.355,-0.277,0.007,0.031,-0.123,-0.258,-0.407,-0.041,-0.283,-0.493,-0.199,-0.331,0.182,-0.696,0.167,0.665,0.047,-0.482,-0.553,-0.836,0.063,0.197,0.283,-0.317,-0.502,0.147,0.453,0.351,0.450,0.211,0.000,-0.241,0.256,0.140,0.251,0.051,0.264,0.264,-0.605,0.163,0.926,0.340,0.479,0.502,0.760,0.289,0.452,0.812,0.503,0.295,0.176,0.136,0.167,0.751,0.073,0.230,0.212,0.230,0.387,0.505,-0.525,-0.499,-0.087,0.077,-0.039,-0.481,-0.392,-0.237,0.883,0.415,0.489,-0.013,0.201,0.203,0.102,0.001,0.201,0.191,0.348,0.486,0.113,-0.401,0.422,0.357,1.115,0.068,0.705,0.114,0.213,0.265,1.555,0.100,0.126,0.430,0.341,-0.736
2011-11-27 03:00:00,0.135,-0.196,0.042,0.308,0.286,-0.258,0.063,0.001,-0.193,-0.092,-0.359,-0.040,-0.235,-0.524,-0.063,-0.325,0.178,-0.625,0.150,0.843,0.031,-0.134,-0.542,-0.617,-0.365,0.198,0.439,-0.193,-0.499,0.335,0.416,0.397,0.244,0.134,0.000,-0.383,0.201,0.079,0.152,0.111,0.260,0.225,-0.744,-0.026,0.829,0.188,0.498,0.566,0.756,0.226,0.331,0.813,0.432,0.062,0.170,0.072,0.165,0.670,0.041,0.182,0.189,0.189,0.342,0.454,-0.472,-0.433,0.009,-0.092,0.004,-0.509,-0.515,-0.236,0.872,0.494,0.405,0.111,0.241,0.231,0.065,-0.094,0.123,0.133,0.450,0.633,0.090,-0.298,0.317,0.390,0.793,-0.007,0.739,0.107,0.146,0.232,1.445,0.000,0.227,0.352,0.260,0.100
2011-11-27 04:00:00,0.250,-0.097,0.004,0.399,0.108,-0.324,-0.105,-0.110,-0.351,-0.163,-0.445,-0.120,-0.255,-0.555,-0.043,-0.334,0.187,-0.672,0.127,0.952,0.013,-0.096,-0.496,-0.468,-0.825,-0.066,0.378,-0.637,-0.805,0.419,0.347,0.331,0.153,0.141,0.000,-0.553,0.147,-0.009,0.230,0.239,0.216,0.130,-0.911,-0.107,0.987,-0.104,0.554,0.677,0.691,0.220,0.328,0.736,0.467,-0.024,0.213,0.120,0.231,0.646,0.093,0.227,0.162,0.255,0.344,0.310,-0.295,-0.496,0.013,-0.294,-0.085,-0.587,-0.699,-0.286,0.885,0.454,0.277,0.220,0.200,0.265,0.036,-0.141,0.043,0.060,0.434,0.557,0.062,-0.280,0.173,0.411,0.607,-0.094,0.726,0.128,0.064,0.258,1.360,-0.081,0.404,0.365,0.273,0.472
2011-11-27 05:00:00,0.363,-0.281,0.091,0.378,0.184,-0.308,-0.066,-0.197,-0.671,-0.214,-0.552,-0.202,-0.242,-0.539,0.027,-0.447,0.211,-0.604,0.127,1.357,0.016,-0.359,-0.354,-0.228,-1.088,0.163,0.456,-0.909,-0.871,0.629,0.411,0.402,0.241,0.221,0.000,-0.531,0.136,0.008,0.293,0.379,0.237,0.063,-0.946,-0.083,0.874,-0.229,0.596,0.757,0.635,0.189,0.352,0.651,0.537,0.115,0.296,0.166,0.286,1.063,0.263,0.299,0.157,0.385,0.465,0.310,0.019,-0.373,0.109,-0.346,-0.136,-0.387,-0.775,-0.269,0.825,0.369,0.316,0.120,0.409,0.306,0.058,-0.094,-0.011,0.029,0.617,0.677,0.187,-0.095,0.129,0.449,0.464,-0.148,1.012,0.116,0.072,0.322,1.298,-0.073,0.603,0.346,0.329,0.002
2011-11-27 06:00:00,0.391,-0.332,0.166,0.450,0.362,-0.391,-0.123,-0.269,-0.782,-0.273,-0.550,-0.308,-0.196,-0.588,-0.010,-0.495,0.218,-0.649,0.113,1.472,0.018,-0.493,-0.147,-0.003,-0.822,0.197,0.384,-1.079,-0.631,0.878,0.579,0.358,0.406,0.278,0.000,-0.515,0.103,0.020,0.299,0.309,0.268,-0.022,-1.079,0.129,1.135,-0.188,0.721,0.786,0.587,0.253,0.375,0.582,0.767,0.340,0.384,0.254,0.359,1.293,0.449,0.353,0.189,0.505,0.597,0.345,0.229,-0.402,0.323,-0.457,-0.113,-0.332,-0.536,-0.259,0.835,0.324,0.380,0.020,0.553,0.305,0.063,0.013,-0.068,0.026,0.682,0.811,0.290,0.071,0.176,0.404,0.421,-0.182,1.114,0.138,0.198,0.515,1.314,-0.067,0.676,0.302,0.326,-0.245
2011-11-27 07:00:00,0.541,-0.138,0.593,0.636,0.403,-0.313,0.026,-0.264,-0.690,-0.278,-0.286,-0.345,-0.069,-0.577,0.014,-0.499,0.193,-0.734,0.077,1.760,0.022,-0.043,0.285,0.251,-0.068,0.447,0.275,-1.027,-0.506,1.108,0.556,0.498,0.285,0.317,0.000,-0.439,0.044,0.058,0.327,0.119,0.328,-0.086,-1.174,0.409,1.066,-0.093,0.856,0.754,0.615,0.421,0.478,0.583,0.938,0.424,0.362,0.269,0.456,1.013,0.562,0.327,0.212,0.593,0.369,0.416,0.207,-0.280,0.342,-0.409,0.005,-0.133,-0.510,-0.306,0.124,0.282,0.342,0.108,0.602,0.313,0.068,0.068,-0.103,0.076,0.667,0.736,0.302,0.243,0.173,0.389,0.558,-0.210,1.057,0.215,0.247,0.571,1.072,-0.091,0.682,0.308,0.379,-0.198
2011-11-27 08:00:00,0.560,-0.233,0.833,0.804,0.430,-0.271,0.084,-0.293,-0.306,-0.313,-0.003,-0.307,-0.024,-0.556,-0.065,-0.476,0.167,-0.585,0.068,1.658,0.035,-0.194,0.466,0.158,0.509,0.299,0.427,-0.936,-0.241,1.167,0.500,0.554,0.344,0.401,0.000,-0.307,0.070,0.163,0.335,0.104,0.449,-0.006,-1.060,0.864,1.054,-0.079,0.817,0.576,0.786,0.556,0.578,0.548,0.820,0.551,0.245,0.257,0.420,0.802,0.516,0.349,0.246,0.537,0.266,0.463,0.052,-0.036,0.362,-0.419,0.128,-0.033,-0.382,-0.228,0.059,0.211,0.288,0.327,0.613,0.272,0.081,0.158,-0.043,0.028,0.582,0.533,0.353,0.530,0.221,0.401,0.789,-0.186,1.003,0.201,0.295,0.667,0.920,-0.114,0.571,0.390,0.387,-0.371
2011-11-27 09:00:00,0.402,-0.228,0.990,0.834,0.442,-0.290,0.149,-0.268,-0.201,-0.373,0.037,-0.265,0.065,-0.581,-0.158,-0.264,0.161,-0.523,0.066,1.707,0.036,0.014,0.787,-0.034,0.638,0.097,0.326,-0.751,0.005,1.114,0.444,0.454,0.242,0.536,0.000,-0.080,0.172,0.242,0.292,0.206,0.450,0.135,-0.731,1.322,1.083,-0.066,0.736,0.525,0.848,0.550,0.650,0.495,0.766,0.563,0.147,0.227,0.283,0.567,0.316,0.344,0.242,0.310,0.257,0.447,-0.080,0.000,0.265,-0.168,0.083,-0.059,-0.340,-0.121,0.073,0.176,0.277,0.331,0.696,0.221,0.111,0.197,-0.002,0.061,0.411,0.466,0.465,0.957,0.297,0.380,0.942,-0.102,0.976,0.173,0.381,0.625,0.824,-0.082,0.491,0.496,0.560,-0.667
2011-11-27 10:00:00,0.582,-0.036,1.180,0.825,0.393,-0.214,0.252,-0.266,-0.313,-0.345,0.123,-0.237,0.082,-0.585,-0.147,-0.115,0.144,-0.165,0.053,1.671,0.041,0.228,0.809,-0.193,0.642,0.154,0.428,-0.650,0.148,1.185,0.554,0.424,0.354,0.609,0.000,0.166,0.245,0.308,0.235,0.219,0.486,0.355,-0.425,1.709,0.837,0.017,0.695,0.594,0.756,0.633,0.570,0.476,0.720,0.371,0.143,0.226,0.255,0.487,0.166,0.222,0.197,0.153,0.230,0.379,0.032,-0.040,0.248,0.233,0.202,-0.044,-0.101,0.016,0.062,0.175,0.287,0.062,0.554,0.208,0.106,0.132,0.079,0.099,0.251,0.455,0.469,1.189,0.356,0.362,1.270,-0.009,0.938,0.230,0.443,0.598,0.780,-0.085,0.302,0.588,0.577,-0.813
2011-11-27 11:00:00,0.622,0.034,1.190,0.845,0.425,-0.019,0.335,-0.248,-0.375,-0.275,0.171,-0.190,0.148,-0.564,-0.094,0.105,0.137,0.259,0.044,1.824,0.045,0.017,0.766,-0.206,0.955,0.576,0.671,-0.436,0.627,1.330,0.749,0.378,0.397,0.731,0.000,0.518,0.379,0.396,0.222,0.286,0.458,0.631,-0.097,1.760,0.855,0.041,0.676,0.583,0.638,0.598,0.482,0.506,0.735,0.200,0.140,0.203,0.307,0.612,0.035,0.216,0.188,0.196,0.277,0.290,0.142,-0.028,0.265,0.354,0.407,-0.082,-0.075,0.194,0.054,0.265,0.254,-0.134,0.438,0.177,0.119,0.054,0.222,0.100,0.087,0.342,0.504,1.285,0.434,0.380,1.444,0.056,0.829,0.227,0.417,0.317,0.802,-0.103,0.242,0.719,0.536,-0.715
2011-11-27 12:00:00,0.754,0.319,0.866,0.943,0.503,0.060,0.444,-0.195,-0.207,-0.277,0.329,-0.122,0.139,-0.569,0.088,0.260,0.125,0.546,0.037,1.924,0.049,0.518,0.691,-0.128,0.720,0.866,0.764,-0.145,0.779,1.459,0.986,0.289,0.500,0.892,0.000,0.773,0.507,0.496,0.201,0.532,0.458,0.838,0.297,1.517,0.784,0.152,0.766,0.561,0.488,0.412,0.357,0.564,0.586,0.243,0.182,0.180,0.314,0.561,0.002,0.283,0.190,0.274,0.451,0.309,0.192,-0.158,0.326,0.614,0.540,-0.106,-0.006,0.303,0.045,0.369,0.303,-0.050,0.535,0.219,0.118,0.037,0.353,0.072,0.079,0.378,0.507,1.419,0.533,0.463,1.615,0.122,0.778,0.198,0.382,0.284,0.904,-0.032,0.182,0.732,0.373,-0.512
2011-11-27 13:00:00,0.908,0.509,0.652,0.927,0.566,0.112,0.607,-0.132,-0.068,-0.181,0.434,-0.036,0.194,-0.529,0.243,0.338,0.114,0.785,0.033,2.120,0.042,1.084,0.586,0.049,0.429,1.163,0.962,0.301,0.770,1.548,1.096,0.274,0.682,0.982,0.000,0.863,0.631,0.505,0.244,0.570,0.622,0.980,0.576,1.148,0.627,0.281,0.823,0.497,0.419,0.479,0.249,0.623,0.605,0.243,0.268,0.218,0.299,0.566,0.073,0.348,0.201,0.282,0.604,0.436,0.254,-0.204,0.546,0.742,0.617,-0.042,0.287,0.418,0.030,0.512,0.245,0.076,0.560,0.277,0.140,-0.003,0.449,0.066,0.298,0.392,0.439,1.497,0.594,0.500,1.925,0.147,0.794,0.237,0.383,0.260,0.981,0.048,0.178,0.861,0.335,0.059
2011-11-27 14:00:00,0.993,0.536,0.786,0.978,0.677,0.208,0.774,-0.063,0.135,0.060,0.412,0.062,0.209,-0.469,0.452,0.410,0.114,1.059,0.043,2.281,0.055,1.229,0.342,0.146,0.279,1.227,1.264,0.697,0.831,1.687,1.050,0.366,0.914,1.094,0.000,1.016,0.710,0.579,0.272,0.722,0.984,1.099,0.690,1.039,0.735,0.433,0.846,0.502,0.382,0.494,0.232,0.708,0.593,0.125,0.287,0.245,0.303,0.542,0.220,0.296,0.203,0.270,0.381,0.476,0.491,-0.075,0.572,0.769,0.674,0.279,0.460,0.575,0.036,0.683,0.280,0.048,0.758,0.348,0.198,0.082,0.491,0.115,0.671,0.495,0.516,1.486,0.712,0.591,2.059,0.121,0.852,0.253,0.423,0.382,0.994,0.148,0.183,0.884,0.227,0.672
2011-11-27 15:00:00,1.216,0.946,0.624,1.033,0.806,0.210,0.854,0.021,0.218,0.235,0.457,0.060,0.150,-0.414,0.544,0.421,0.125,1.097,0.052,2.557,0.058,1.255,0.391,0.368,0.257,1.234,1.278,0.875,0.840,1.801,0.961,0.343,1.167,1.233,0.000,1.208,0.832,0.646,0.309,0.911,1.227,1.086,0.680,0.813,0.783,0.557,0.846,0.542,0.505,0.483,0.163,0.831,0.666,0.052,0.344,0.298,0.287,0.546,0.271,0.324,0.204,0.298,0.512,0.493,0.809,-0.002,0.684,0.738,0.791,0.449,0.208,0.616,0.023,0.842,0.441,-0.051,0.770,0.382,0.211,0.139,0.512,0.137,0.812,0.530,0.667,1.425,0.924,0.884,2.044,0.070,1.014,0.275,0.499,0.482,0.952,0.258,0.208,0.915,0.231,0.697
2011-11-27 16:00:00,1.712,1.381,0.693,1.284,0.985,0.250,1.145,0.145,0.072,0.484,0.363,0.146,0.253,-0.293,0.724,0.325,0.156,1.115,0.075,2.861,0.058,1.808,0.585,0.754,0.561,1.353,1.237,1.082,1.034,1.844,0.911,0.515,1.320,1.205,0.000,1.240,0.886,0.664,0.369,1.053,1.541,1.021,0.547,0.835,0.792,0.682,0.866,0.719,0.678,0.649,0.245,0.873,0.763,0.132,0.400,0.345,0.303,0.821,0.344,0.310,0.229,0.430,0.508,0.549,1.210,0.120,1.026,0.710,0.919,0.683,0.300,0.769,0.134,0.996,0.578,-0.136,0.914,0.469,0.260,0.265,0.472,0.181,0.898,0.507,0.711,1.539,1.181,1.238,2.192,0.059,1.159,0.267,0.643,0.732,1.041,0.435,0.197,0.874,0.650,1.015
2011-11-27 17:00:00,1.646,1.053,0.649,1.484,1.102,0.236,1.134,0.229,0.113,0.592,0.221,0.156,0.229,-0.201,0.677,0.184,0.197,1.016,0.124,2.901,0.074,1.696,0.849,0.912,0.853,1.334,1.147,0.854,1.253,1.838,0.968,0.529,1.521,1.108,0.000,1.181,0.847,0.638,0.408,1.098,1.853,0.829,0.390,1.082,0.902,0.866,0.998,0.912,0.746,0.995,0.299,0.882,0.873,0.285,0.451,0.406,0.378,1.084,0.480,0.427,0.222,0.596,0.501,0.494,1.951,0.119,1.096,0.402,0.922,0.942,0.355,0.833,0.762,1.074,0.754,0.089,0.874,0.499,0.307,0.412,0.361,0.314,1.172,0.630,0.752,1.463,1.463,1.344,2.214,0.058,1.374,0.235,0.734,0.932,1.126,0.587,0.236,0.795,1.064,1.716
2011-11-27 18:00:00,1.660,0.891,0.537,1.630,1.117,0.185,1.051,0.244,-0.035,0.591,0.252,0.075,0.251,-0.180,0.472,0.028,0.223,0.511,0.150,2.769,0.078,1.356,1.117,0.865,1.367,1.304,0.984,0.681,1.144,1.669,0.892,0.515,1.425,0.994,0.000,1.113,0.775,0.591,0.475,0.955,2.086,0.640,0.089,1.224,0.967,0.883,1.027,1.071,0.757,1.126,0.313,0.886,0.877,0.305,0.437,0.459,0.417,1.155,0.597,0.631,0.237,0.739,0.442,0.471,1.902,0.094,1.145,0.242,0.861,0.975,0.141,0.761,0.746,1.031,0.686,0.160,0.919,0.437,0.271,0.614,0.295,0.398,1.116,0.697,0.857,1.284,1.507,1.276,2.173,0.060,1.347,0.201,0.771,1.026,1.123,0.644,0.254,0.702,1.332,1.410
2011-11-27 19:00:00,1.596,0.867,0.596,1.545,1.080,0.050,1.008,0.234,0.070,0.597,0.231,0.076,0.320,-0.143,0.280,-0.133,0.232,0.166,0.159,2.395,0.083,1.184,1.197,0.835,1.642,1.355,0.870,0.522,1.326,1.581,0.777,0.567,1.339,0.842,0.000,0.885,0.643,0.519,0.491,0.933,2.126,0.475,-0.176,1.034,0.934,0.833,0.915,0.964,0.613,1.093,0.496,0.889,0.837,0.347,0.387,0.422,0.395,1.152,0.517,0.573,0.252,0.767,0.489,0.507,1.697,0.178,0.952,0.144,0.865,1.021,0.152,0.596,0.831,0.911,0.707,0.245,0.864,0.410,0.251,0.709,0.242,0.416,0.914,0.740,0.801,1.186,1.463,1.144,1.911,0.107,1.354,0.187,0.794,0.897,1.138,0.627,0.271,0.552,1.554,0.500
2011-11-27 20:00:00,1.360,0.899,0.841,1.591,1.188,0.058,1.039,0.279,0.201,0.626,0.140,0.114,0.274,-0.070,0.172,-0.190,0.235,-0.163,0.178,2.219,0.095,0.706,1.244,0.686,2.111,1.346,0.928,0.312,1.324,1.310,0.536,0.596,1.205,0.700,0.000,0.646,0.594,0.430,0.470,0.868,1.935,0.367,-0.371,0.831,1.024,0.877,0.833,0.857,0.635,1.015,0.498,0.850,0.879,0.344,0.322,0.344,0.362,1.210,0.428,0.439,0.292,0.652,0.418,0.561,1.280,0.263,0.589,0.055,0.846,1.057,-0.011,0.362,0.869,0.822,0.753,0.243,0.879,0.407,0.270,0.886,0.189,0.411,0.614,0.690,0.739,1.121,1.419,1.104,2.047,0.140,1.276,0.142,0.789,0.854,1.281,0.659,0.201,0.451,1.593,0.127
2011-11-27 21:00:00,0.892,0.408,0.695,1.392,0.809,-0.136,0.624,0.105,0.273,0.374,-0.042,0.152,0.011,-0.194,-0.195,-0.285,0.230,-0.499,0.185,1.544,0.092,0.227,0.870,0.038,1.544,0.453,0.501,0.043,0.894,0.726,0.236,0.383,1.078,0.447,0.000,0.357,0.407,0.388,0.446,0.538,1.429,0.305,-0.589,0.662,1.014,0.736,0.719,0.855,0.791,0.969,0.593,0.889,0.959,0.487,0.322,0.311,0.367,1.129,0.550,0.470,0.298,0.686,0.519,0.507,0.457,0.131,0.255,0.101,0.712,0.608,-0.399,0.162,0.830,0.669,0.540,0.399,0.626,0.388,0.218,0.667,0.147,0.392,0.406,0.772,0.633,0.703,1.216,0.942,1.783,0.166,1.062,0.095,0.727,0.685,1.360,0.554,0.130,0.254,1.430,-0.187
2011-11-27 22:00:00,0.563,0.170,0.648,0.927,0.669,-0.112,0.720,0.047,0.178,0.347,0.045,0.147,0.104,-0.220,-0.267,-0.198,0.222,-0.581,0.189,1.291,0.087,0.130,0.658,-0.191,0.977,0.527,0.196,-0.063,0.756,0.422,0.179,0.396,0.889,0.255,0.000,0.162,0.337,0.335,0.429,0.412,0.992,0.216,-0.646,0.606,1.060,0.555,0.595,0.780,0.894,0.879,0.596,0.819,0.812,0.482,0.262,0.276,0.276,0.776,0.443,0.348,0.210,0.506,0.312,0.434,0.234,0.086,-0.047,0.313,0.606,0.417,-0.370,0.011,0.829,0.547,0.402,0.814,0.609,0.372,0.168,0.419,0.134,0.437,0.297,0.564,0.527,0.400,0.992,0.804,1.613,0.168,0.936,0.078,0.619,0.549,1.352,0.416,0.075,0.260,1.188,-0.516
2011-11-27 23:00:00,0.243,-0.114,0.468,0.540,0.635,-0.248,0.497,-0.066,0.028,0.246,-0.232,0.096,0.028,-0.254,-0.405,-0.341,0.224,-0.507,0.183,1.017,0.081,-0.348,0.160,-0.490,0.509,0.643,0.353,-0.437,0.540,0.350,0.242,0.304,0.852,0.057,0.000,0.019,0.332,0.283,0.406,0.303,0.724,0.297,-0.553,0.438,1.045,0.538,0.493,0.747,0.918,0.792,0.536,0.774,0.722,0.285,0.242,0.185,0.254,0.814,0.257,0.328,0.151,0.470,0.340,0.537,0.161,-0.116,-0.115,0.402,0.489,0.113,-0.338,-0.082,0.838,0.458,0.318,0.681,0.373,0.351,0.168,0.341,0.189,0.332,0.251,0.643,0.358,0.103,0.758,0.705,1.513,0.183,0.719,0.073,0.520,0.394,1.384,0.362,0.036,0.235,0.966,-0.642
2011-11-28 00:00:00,0.005,-0.181,0.325,0.373,0.356,-0.112,0.488,-0.023,-0.061,0.082,-0.305,0.108,-0.067,-0.269,-0.404,-0.302,0.224,-0.599,0.181,0.866,0.075,-0.537,-0.032,-0.588,0.250,0.430,0.342,-0.382,0.489,0.179,0.440,0.294,0.802,0.126,0.000,-0.029,0.293,0.295,0.386,0.271,0.569,0.280,-0.502,0.384,0.892,0.450,0.438,0.685,0.812,0.483,0.520,0.701,0.719,0.282,0.253,0.204,0.327,0.901,0.198,0.298,0.126,0.460,0.333,0.504,-0.053,-0.170,-0.327,0.390,0.339,-0.211,-0.568,-0.142,0.836,0.465,0.436,0.435,0.271,0.295,0.169,0.308,0.247,0.282,0.225,0.670,0.310,-0.130,0.564,0.504,1.289,0.201,0.651,0.052,0.413,0.237,1.292,0.339,0.071,0.313,0.904,-0.751
2011-11-28 01:00:00,-0.259,-0.257,0.122,0.273,0.250,-0.119,0.224,-0.027,-0.011,-0.119,-0.392,0.142,-0.169,-0.379,-0.473,-0.186,0.213,-0.641,0.180,0.668,0.070,-0.322,-0.309,-0.639,-0.226,0.275,0.365,-0.403,0.141,0.084,0.479,0.291,0.706,0.053,0.000,-0.106,0.243,0.281,0.339,0.228,0.475,0.384,-0.455,0.264,0.861,0.381,0.445,0.608,0.763,0.393,0.414,0.678,0.658,0.293,0.264,0.201,0.356,0.530,0.338,0.230,0.123,0.344,0.324,0.502,-0.372,-0.306,-0.257,0.358,0.180,-0.350,-0.512,-0.134,0.846,0.516,0.340,0.243,0.083,0.238,0.165,0.213,0.307,0.257,0.418,0.829,0.252,-0.203,0.394,0.439,1.165,0.187,0.617,0.102,0.330,0.260,1.253,0.264,0.045,0.343,0.727,-0.745
2011-11-28 02:00:00,-0.400,-0.321,0.168,0.174,0.267,-0.168,0.285,0.029,0.060,-0.183,-0.193,0.118,-0.178,-0.369,-0.371,-0.052,0.205,-0.660,0.173,0.695,0.049,0.012,-0.294,-0.643,-0.545,0.165,0.361,-0.339,-0.159,0.080,0.510,0.344,0.492,0.052,0.000,-0.195,0.225,0.185,0.330,0.134,0.269,0.368,-0.502,0.080,0.905,0.226,0.441,0.623,0.713,0.258,0.507,0.636,0.577,0.288,0.258,0.222,0.349,0.704,0.162,0.293,0.119,0.209,0.340,0.588,-0.504,-0.374,-0.237,0.263,0.129,-0.403,-0.576,-0.166,0.824,0.484,0.381,-0.000,0.166,0.226,0.149,0.054,0.310,0.222,0.440,0.870,0.198,-0.262,0.264,0.426,0.955,0.135,0.650,0.123,0.216,0.223,1.210,0.165,0.041,0.324,0.482,-0.421
2011-11-28 03:00:00,-0.252,-0.150,0.248,0.274,0.264,-0.218,0.181,-0.072,-0.094,-0.078,-0.287,0.083,-0.266,-0.438,-0.155,-0.140,0.206,-0.476,0.160,0.851,0.044,-0.036,-0.410,-0.656,-0.703,0.334,0.686,-0.352,-0.364,0.222,0.453,0.366,0.413,0.074,0.000,-0.358,0.166,0.117,0.285,0.308,0.143,0.348,-0.653,-0.076,0.811,0.018,0.493,0.656,0.554,0.197,0.431,0.627,0.494,0.255,0.244,0.222,0.342,0.688,0.017,0.174,0.093,0.219,0.430,0.479,-0.425,-0.384,-0.089,0.117,0.176,-0.442,-0.586,-0.176,0.801,0.463,0.493,0.111,0.291,0.245,0.108,-0.047,0.278,0.150,0.366,0.842,0.304,-0.178,0.139,0.421,0.642,0.057,0.637,0.161,0.182,0.275,1.340,0.132,0.032,0.325,0.264,0.329
2011-11-28 04:00:00,-0.038,-0.176,0.134,0.418,0.060,-0.166,0.075,-0.173,-0.279,-0.078,-0.347,-0.012,-0.223,-0.496,-0.067,-0.083,0.209,-0.596,0.131,1.019,0.015,0.112,-0.350,-0.423,-0.822,0.284,0.625,-0.395,-0.446,0.330,0.392,0.334,0.122,-0.005,0.000,-0.462,0.117,0.019,0.303,0.308,-0.040,0.158,-0.685,-0.207,0.746,-0.222,0.541,0.666,0.506,0.155,0.352,0.620,0.497,0.271,0.238,0.203,0.396,0.693,0.061,0.350,0.129,0.214,0.440,0.399,-0.299,-0.389,0.069,-0.115,0.130,-0.467,-0.692,-0.357,0.829,0.449,0.497,0.317,0.292,0.270,0.036,-0.143,0.156,0.097,0.283,0.777,0.271,-0.095,-0.008,0.387,0.376,-0.047,0.613,0.150,0.130,0.186,1.440,0.022,0.052,0.316,0.024,0.467
2011-11-28 05:00:00,0.226,-0.038,0.551,0.462,0.263,-0.062,0.317,-0.146,-0.473,-0.017,-0.338,-0.042,-0.102,-0.403,0.127,-0.280,0.212,-0.389,0.124,1.563,0.027,0.395,-0.108,0.140,-0.777,0.693,1.039,-0.581,-0.242,0.678,0.438,0.555,0.162,0.159,0.000,-0.344,0.119,0.006,0.228,0.520,0.086,0.135,-0.700,-0.020,0.799,-0.245,0.624,0.684,0.500,0.139,0.396,0.648,0.510,0.285,0.257,0.262,0.452,0.816,0.108,0.359,0.120,0.334,0.466,0.351,0.347,-0.285,0.234,-0.209,0.165,-0.240,-0.416,-0.426,0.770,0.400,0.385,0.569,0.342,0.319,0.059,-0.117,0.101,0.078,0.439,0.712,0.439,0.141,0.024,0.414,0.259,-0.122,0.930,0.171,0.154,0.223,1.483,-0.000,0.152,0.354,0.076,0.030
2011-11-28 06:00:00,0.296,-0.395,0.646,0.550,0.488,-0.126,0.383,-0.116,-0.459,-0.182,-0.330,-0.113,-0.176,-0.379,0.034,-0.351,0.219,-0.384,0.125,1.649,0.036,-0.041,0.202,0.245,-0.238,0.830,1.215,-0.663,-0.087,1.003,0.611,0.541,0.090,0.261,0.000,-0.250,0.159,0.101,0.304,0.636,0.318,0.131,-0.682,0.200,0.850,-0.158,0.741,0.736,0.526,0.223,0.460,0.598,0.556,0.281,0.270,0.279,0.475,0.902,0.212,0.724,0.156,0.423,0.616,0.370,0.486,-0.158,0.510,-0.400,0.164,-0.141,-0.447,-0.352,0.811,0.366,0.345,0.425,0.494,0.323,0.071,0.095,0.066,0.036,0.538,0.653,0.517,0.416,0.130,0.453,0.440,-0.173,1.027,0.227,0.243,0.335,1.372,0.087,0.209,0.383,0.249,-0.110
2011-11-28 07:00:00,0.493,-0.228,0.782,0.749,0.421,-0.076,0.336,-0.129,-0.357,-0.182,-0.170,-0.101,-0.188,-0.492,-0.015,-0.339,0.200,-0.518,0.098,1.741,0.047,0.342,0.376,0.224,-0.124,0.472,0.888,-0.418,-0.223,1.296,0.818,0.437,-0.049,0.375,0.000,-0.156,0.172,0.186,0.357,0.457,0.478,0.084,-0.825,0.235,0.819,-0.046,0.760,0.791,0.534,0.335,0.471,0.587,0.630,0.263,0.326,0.299,0.531,0.912,0.473,0.516,0.174,0.404,0.527,0.541,0.074,-0.114,0.491,-0.276,0.120,-0.097,-0.328,-0.321,0.408,0.296,0.304,0.354,0.623,0.345,0.103,0.195,0.037,0.064,0.491,0.551,0.408,0.581,0.220,0.476,0.461,-0.176,0.840,0.383,0.328,0.540,1.153,0.072,0.291,0.366,0.256,-0.073
2011-11-28 08:00:00,0.549,0.012,0.998,0.793,0.407,0.052,0.463,-0.101,-0.048,-0.146,0.188,-0.072,0.088,-0.441,0.057,-0.138,0.177,-0.343,0.067,1.631,0.044,0.745,0.723,0.238,0.323,0.360,0.754,-0.289,-0.046,1.729,0.801,0.464,0.138,0.415,0.000,-0.144,0.219,0.318,0.366,0.375,0.502,0.168,-0.821,0.576,0.857,0.054,0.830,0.825,0.477,0.468,0.493,0.632,0.727,0.409,0.304,0.313,0.569,1.330,0.698,0.623,0.294,0.540,0.395,0.701,0.159,0.100,0.372,-0.173,0.242,0.114,-0.171,-0.215,0.057,0.334,0.475,0.728,0.691,0.281,0.103,0.292,0.098,0.130,0.551,0.600,0.277,0.818,0.343,0.434,0.544,-0.100,0.807,0.374,0.391,0.652,0.841,0.003,0.302,0.441,0.245,-0.254
2011-11-28 09:00:00,0.767,-0.038,1.281,0.593,0.369,0.061,0.560,-0.069,-0.319,-0.176,0.146,-0.026,0.115,-0.395,0.006,-0.052,0.160,-0.048,0.061,1.845,0.052,0.280,0.768,0.019,0.361,0.375,0.939,-0.093,0.140,1.835,0.881,0.396,0.274,0.604,0.000,0.046,0.422,0.444,0.387,0.441,0.506,0.395,-0.529,1.065,1.002,0.080,0.769,0.738,0.528,0.578,0.568,0.654,0.644,0.479,0.292,0.316,0.471,0.954,0.714,0.539,0.444,0.420,0.300,0.686,0.097,0.059,0.325,-0.011,0.207,0.083,-0.228,-0.016,0.059,0.287,0.365,1.086,0.797,0.249,0.127,0.438,0.093,0.192,0.605,0.529,0.276,1.247,0.396,0.517,0.802,-0.031,0.774,0.391,0.467,0.825,0.748,0.038,0.179,0.535,0.483,-0.440
2011-11-28 10:00:00,0.740,-0.082,1.289,0.519,0.319,0.170,0.614,-0.054,-0.121,-0.234,0.262,0.015,0.172,-0.426,-0.075,0.105,0.162,0.113,0.065,1.953,0.056,0.626,0.904,0.049,0.394,0.457,0.859,0.159,0.694,1.858,0.740,0.273,0.419,0.697,0.000,0.413,0.595,0.588,0.389,0.567,0.458,0.526,-0.203,1.613,0.997,0.105,0.772,0.659,0.597,0.566,0.602,0.648,0.693,0.395,0.292,0.342,0.485,0.554,0.744,0.514,0.460,0.359,0.491,0.762,0.155,0.093,0.322,0.304,0.326,-0.016,-0.171,0.197,0.071,0.289,0.050,0.985,0.941,0.198,0.112,0.376,0.161,0.194,0.598,0.532,0.297,1.403,0.448,0.551,1.188,0.052,0.752,0.427,0.529,0.826,0.778,0.027,0.171,0.684,0.600,-0.599
2011-11-28 11:00:00,0.705,0.067,1.277,0.545,0.283,0.341,0.608,-0.034,0.196,-0.266,0.344,0.031,0.171,-0.482,-0.042,0.202,0.139,0.375,0.046,1.914,0.051,0.987,0.801,0.087,0.219,0.750,0.906,0.415,0.621,1.796,0.799,0.261,0.417,0.660,0.000,0.812,0.811,0.719,0.378,0.555,0.529,0.747,0.266,1.794,0.934,0.210,0.737,0.666,0.664,0.605,0.499,0.702,0.719,0.268,0.265,0.313,0.551,0.772,0.503,0.400,0.472,0.382,0.209,0.657,0.186,-0.173,0.525,0.400,0.470,-0.002,0.057,0.407,0.061,0.433,0.169,0.251,0.659,0.190,0.140,0.179,0.288,0.180,0.577,0.383,0.295,1.548,0.530,0.649,1.341,0.103,0.737,0.353,0.551,0.858,0.794,0.013,0.180,0.804,0.574,-0.656
2011-11-28 12:00:00,0.698,0.169,1.254,0.544,0.622,0.423,0.745,0.011,0.306,-0.196,0.447,0.108,0.233,-0.426,0.187,0.372,0.130,0.752,0.036,2.128,0.058,1.187,0.721,0.224,0.239,1.289,1.047,0.655,1.022,2.068,0.823,0.421,0.389,0.701,0.000,0.976,0.967,0.789,0.316,0.689,0.701,0.978,0.513,1.419,0.891,0.297,0.767,0.582,0.700,0.882,0.431,0.733,0.727,0.253,0.259,0.286,0.666,0.843,0.300,0.305,0.455,0.431,0.329,0.559,0.276,-0.024,0.540,0.529,0.753,0.113,0.131,0.703,0.061,0.531,0.455,-0.032,0.716,0.246,0.155,0.025,0.393,0.131,0.600,0.351,0.359,1.701,0.580,0.875,1.495,0.144,0.719,0.271,0.522,0.910,0.806,0.094,0.221,0.928,0.545,-0.320
2011-11-28 13:00:00,0.979,0.368,1.022,0.500,0.788,0.395,0.961,0.081,0.414,0.028,0.609,0.178,0.278,-0.374,0.393,0.388,0.112,1.004,0.038,2.280,0.056,1.417,0.424,0.346,0.232,1.449,1.224,0.971,1.041,2.116,0.856,0.464,0.585,0.784,0.000,1.060,1.092,0.946,0.261,0.950,0.830,1.129,0.632,1.202,0.909,0.348,0.849,0.598,0.731,0.861,0.466,0.755,0.611,0.264,0.245,0.285,0.699,0.959,0.099,0.527,0.400,0.366,0.493,0.625,0.404,0.068,0.692,0.726,0.873,0.231,0.251,0.805,0.046,0.679,0.563,0.320,0.755,0.274,0.181,0.099,0.546,0.146,0.642,0.480,0.555,1.749,0.637,1.038,1.609,0.183,0.816,0.281,0.385,1.035,0.627,0.193,0.185,1.053,0.436,0.127
2011-11-28 14:00:00,1.089,0.496,1.193,0.602,0.741,0.494,1.153,0.164,0.487,0.287,0.572,0.335,0.367,-0.280,0.508,0.483,0.116,1.243,0.034,2.530,0.057,2.060,0.315,0.620,0.428,1.365,1.506,0.988,1.462,2.128,0.899,0.586,0.883,0.858,0.000,1.074,1.154,0.953,0.262,1.154,1.084,1.273,0.755,0.982,0.864,0.543,0.853,0.667,0.729,0.749,0.482,0.679,0.583,0.307,0.257,0.361,0.827,0.784,0.117,0.252,0.379,0.369,0.833,0.563,0.630,0.251,0.778,0.838,0.968,0.432,0.405,0.894,0.053,0.844,0.614,0.497,0.942,0.370,0.225,0.316,0.550,0.124,0.575,0.509,0.749,1.804,0.797,1.161,1.619,0.198,1.109,0.307,0.424,0.968,0.582,0.311,0.189,1.083,0.446,0.789
2011-11-28 15:00:00,1.103,0.620,1.193,0.642,0.729,0.718,1.182,0.264,0.483,0.383,0.601,0.364,0.222,-0.213,0.524,0.576,0.119,1.366,0.056,2.750,0.075,1.761,0.199,0.798,0.663,1.281,1.537,0.949,1.232,2.154,0.819,0.623,1.128,0.993,0.000,1.140,1.110,0.952,0.272,1.303,1.324,1.243,0.744,0.899,0.842,0.614,0.886,0.642,0.759,0.715,0.417,0.741,0.563,0.232,0.258,0.249,0.882,0.719,0.089,0.581,0.292,0.358,0.653,0.432,0.958,0.160,0.640,0.871,0.993,0.630,0.407,1.025,0.020,0.963,0.783,0.374,1.061,0.390,0.263,0.440,0.514,0.143,0.592,0.666,0.861,1.767,1.049,1.232,1.743,0.187,1.294,0.275,0.495,0.950,0.604,0.443,0.290,1.088,0.586,1.032
2011-11-28 16:00:00,1.361,0.658,1.013,0.888,1.188,0.589,1.287,0.357,0.303,0.543,0.435,0.392,0.339,-0.139,0.655,0.555,0.164,1.347,0.100,3.071,0.074,2.012,0.364,1.080,1.189,1.745,1.788,1.178,1.432,2.186,0.875,0.732,1.460,1.084,0.000,1.394,1.033,0.903,0.314,1.271,1.642,1.196,0.679,0.871,0.868,0.637,0.883,0.631,0.847,0.724,0.444,0.792,0.577,0.236,0.266,0.310,0.956,0.852,0.049,0.422,0.315,0.349,0.801,0.529,1.343,0.194,1.181,0.870,1.113,0.803,0.425,0.951,0.051,1.055,0.831,0.380,1.068,0.455,0.290,0.526,0.494,0.205,0.750,0.745,0.961,1.722,1.235,1.388,1.837,0.177,1.357,0.294,0.681,0.938,0.689,0.598,0.296,0.971,0.859,1.203
2011-11-28 17:00:00,1.604,0.754,1.031,1.013,1.276,0.625,1.372,0.392,0.536,0.712,0.399,0.365,0.424,-0.054,0.697,0.370,0.195,1.202,0.113,3.073,0.071,2.630,0.494,1.325,1.780,1.796,1.590,1.233,1.508,2.167,0.855,0.800,1.561,1.073,0.000,1.222,0.868,0.810,0.348,1.093,1.773,0.910,0.660,1.008,0.813,0.794,0.866,0.686,0.957,0.888,0.462,0.797,0.574,0.230,0.274,0.229,1.013,1.183,0.143,0.601,0.250,0.428,0.881,0.589,1.914,0.111,1.171,0.682,1.036,1.029,0.444,0.873,0.752,1.155,1.105,0.719,1.096,0.447,0.299,0.738,0.460,0.256,0.958,0.924,0.978,1.632,1.430,1.482,1.871,0.145,1.424,0.261,0.796,0.940,0.836,0.675,0.319,0.826,1.090,1.693
2011-11-28 18:00:00,1.393,0.488,1.129,0.957,1.152,0.886,1.179,0.370,0.521,0.779,0.418,0.296,0.470,-0.025,0.639,0.277,0.206,0.813,0.098,2.967,0.075,2.080,0.546,1.295,2.290,1.905,1.648,0.954,1.402,2.103,0.750,0.855,1.542,0.964,0.000,1.144,0.688,0.714,0.414,0.935,1.890,0.713,0.370,1.164,0.898,0.875,0.877,0.702,1.056,0.798,0.506,0.784,0.559,0.222,0.260,0.233,1.076,1.179,0.208,0.631,0.211,0.494,0.679,0.699,1.821,0.264,1.122,0.339,0.916,1.021,0.385,0.624,0.774,1.138,1.080,0.866,0.977,0.457,0.272,0.864,0.393,0.255,0.887,0.883,0.875,1.548,1.538,1.296,1.689,0.133,1.643,0.238,0.830,0.845,0.940,0.665,0.294,0.724,1.294,1.360
2011-11-28 19:00:00,1.102,0.416,0.963,0.826,0.946,0.591,0.968,0.293,0.541,0.603,0.407,0.244,0.437,-0.078,0.355,0.181,0.200,0.356,0.098,2.457,0.068,1.568,0.367,1.019,2.089,1.574,1.196,0.590,1.120,1.942,0.639,0.761,1.275,0.801,0.000,0.844,0.505,0.625,0.449,1.005,1.788,0.472,0.098,1.035,1.001,0.741,0.888,0.789,1.121,0.832,0.538,0.843,0.563,0.302,0.269,0.323,1.137,1.094,0.191,0.653,0.151,0.637,0.472,0.767,1.403,0.241,0.883,0.128,0.649,0.961,0.242,0.302,0.843,1.016,1.079,0.576,0.969,0.441,0.205,0.729,0.324,0.290,0.663,0.892,0.790,1.392,1.493,1.137,1.562,0.131,1.483,0.158,0.796,0.693,1.201,0.631,0.227,0.634,1.291,0.521
2011-11-28 20:00:00,1.002,0.236,0.932,0.869,1.055,0.489,0.870,0.254,0.427,0.629,0.170,0.211,0.254,-0.073,0.273,0.056,0.206,0.131,0.120,2.534,0.066,1.314,0.386,0.868,1.934,1.299,0.958,0.142,0.926,1.658,0.441,0.588,1.045,0.644,0.000,0.536,0.385,0.539,0.502,1.116,1.511,0.371,-0.258,0.660,1.010,0.530,0.793,0.853,1.162,0.961,0.579,0.859,0.680,0.389,0.211,0.342,1.019,0.988,0.317,0.605,0.112,0.711,0.568,1.002,1.256,0.167,0.529,0.054,0.542,0.926,0.089,0.177,0.883,0.819,1.044,0.318,0.766,0.416,0.159,0.679,0.245,0.313,0.549,0.859,0.669,1.471,1.380,1.031,1.387,0.122,1.233,0.129,0.783,0.573,1.433,0.587,0.164,0.503,1.375,0.282
2011-11-28 21:00:00,0.945,0.133,1.052,0.707,0.855,0.565,0.731,0.165,0.209,0.616,-0.041,0.163,0.156,-0.103,0.112,-0.131,0.217,-0.022,0.133,2.175,0.065,0.838,0.269,0.573,1.867,0.754,0.630,-0.193,0.760,1.406,0.318,0.485,0.813,0.364,0.000,0.248,0.264,0.472,0.480,0.968,1.121,0.279,-0.609,0.487,1.063,0.403,0.714,0.903,1.170,1.170,0.646,0.852,0.893,0.445,0.220,0.333,0.805,0.872,0.541,0.284,0.081,0.699,0.465,0.870,1.016,0.242,0.414,0.088,0.456,0.661,0.059,0.051,0.853,0.604,1.075,0.503,0.611,0.429,0.087,0.586,0.140,0.253,0.573,0.813,0.617,1.125,1.167,0.874,1.224,0.080,0.982,0.078,0.761,0.324,1.566,0.464,0.064,0.361,1.305,0.057
2011-11-28 22:00:00,0.627,-0.031,0.848,0.526,0.703,0.354,0.494,0.047,0.085,0.503,-0.103,0.120,0.093,-0.177,-0.045,-0.159,0.213,-0.153,0.156,1.772,0.075,0.262,0.129,0.241,1.462,0.560,0.238,-0.500,0.565,1.080,0.202,0.315,0.639,0.185,0.000,0.004,0.200,0.464,0.469,0.728,0.710,0.176,-0.731,0.238,1.055,0.285,0.608,0.899,1.028,1.031,0.598,0.788,0.947,0.382,0.206,0.205,0.612,0.786,0.553,0.294,-0.012,0.508,0.292,0.866,0.659,0.180,0.116,-0.064,0.288,0.363,-0.054,-0.036,0.850,0.431,0.688,0.676,0.397,0.356,-0.006,0.426,0.076,0.206,0.461,0.642,0.476,0.295,0.869,0.693,1.109,0.063,0.806,0.038,0.644,0.104,1.722,0.314,-0.014,0.152,0.991,-0.162
2011-11-28 23:00:00,0.463,-0.062,0.285,0.466,0.537,0.182,0.416,-0.025,-0.101,0.219,-0.201,0.036,0.064,-0.240,-0.254,-0.174,0.209,-0.496,0.157,1.467,0.061,0.158,-0.037,-0.092,0.968,0.353,-0.211,-0.762,0.230,0.742,0.129,0.065,0.635,0.003,0.000,-0.146,0.158,0.463,0.453,0.360,0.403,0.043,-0.754,0.105,0.975,0.199,0.441,0.778,0.839,0.874,0.550,0.805,0.752,0.282,0.191,0.236,0.502,0.762,0.345,0.290,0.039,0.481,0.310,0.629,0.307,-0.111,-0.032,0.113,0.023,0.214,-0.217,-0.151,0.862,0.292,0.398,1.024,0.301,0.307,-0.041,0.179,0.045,0.207,0.280,0.517,0.315,0.034,0.529,0.434,0.945,0.039,0.602,0.012,0.524,-0.009,1.743,0.174,-0.057,0.149,0.658,-0.409
2011-11-29 00:00:00,0.224,-0.299,0.078,0.289,0.279,0.074,0.357,-0.073,-0.194,0.058,-0.287,0.014,0.043,-0.274,-0.358,-0.307,0.205,-0.507,0.162,1.251,0.061,-0.146,-0.203,-0.376,0.435,0.318,-0.262,-0.795,-0.028,0.343,0.214,0.016,0.718,-0.011,0.000,-0.276,0.149,0.445,0.369,0.181,0.215,-0.017,-0.632,0.122,0.874,0.206,0.411,0.684,0.702,0.655,0.396,0.746,0.581,0.274,0.214,0.199,0.359,0.651,0.222,0.253,0.042,0.486,0.291,0.516,0.102,-0.221,-0.174,0.157,-0.221,-0.072,-0.180,-0.261,0.864,0.280,0.230,1.127,0.224,0.234,-0.061,0.057,0.072,0.244,0.195,0.493,0.234,-0.120,0.346,0.243,0.797,0.044,0.502,0.029,0.457,-0.068,1.761,0.068,-0.089,0.148,0.427,-0.568
2011-11-29 01:00:00,-0.164,-0.353,0.002,0.209,0.241,0.032,-0.003,-0.120,-0.319,-0.047,-0.419,-0.093,-0.094,-0.373,-0.490,-0.144,0.204,-0.625,0.162,1.159,0.064,-0.618,-0.208,-0.618,0.147,0.125,-0.198,-0.845,-0.092,0.227,0.311,-0.058,0.630,-0.018,0.000,-0.242,0.142,0.422,0.290,0.113,0.251,0.023,-0.658,0.069,0.887,0.115,0.431,0.606,0.692,0.393,0.368,0.693,0.493,0.253,0.228,0.267,0.227,1.017,0.323,0.191,0.035,0.443,0.307,0.520,-0.043,-0.271,-0.305,0.022,-0.285,-0.167,-0.300,-0.322,0.867,0.266,0.400,1.103,0.253,0.225,-0.077,0.020,0.148,0.242,0.251,0.516,0.195,-0.367,0.278,0.230,0.733,0.015,0.503,0.038,0.474,-0.031,1.794,0.059,-0.034,0.122,0.195,-0.569
2011-11-29 02:00:00,0.004,-0.006,0.075,0.162,0.215,-0.140,0.036,-0.132,-0.295,-0.099,-0.141,-0.103,-0.146,-0.415,-0.423,-0.132,0.193,-0.649,0.144,1.221,0.055,-0.351,-0.289,-0.488,-0.380,0.119,-0.198,-0.743,-0.263,0.153,0.321,0.007,0.598,0.023,0.000,-0.154,0.180,0.426,0.290,0.207,0.188,0.100,-0.629,0.119,0.902,0.042,0.427,0.562,0.717,0.266,0.447,0.666,0.527,0.174,0.209,0.142,0.155,0.991,0.171,0.221,0.052,0.392,0.259,0.486,-0.123,-0.289,-0.195,0.139,-0.106,-0.041,-0.297,-0.305,0.859,0.320,0.397,1.056,0.370,0.227,-0.050,-0.012,0.217,0.187,0.264,0.397,0.180,-0.149,0.296,0.257,0.681,0.005,0.455,0.054,0.551,-0.025,1.909,0.095,0.003,0.212,0.314,-0.395
2011-11-29 03:00:00,0.158,-0.124,0.240,0.231,0.389,-0.146,0.280,-0.092,-0.268,0.023,-0.216,-0.023,-0.126,-0.363,-0.133,-0.188,0.190,-0.370,0.145,1.399,0.045,-0.142,-0.245,-0.280,-0.381,0.269,0.161,-0.543,-0.121,0.307,0.255,0.147,0.618,0.077,0.000,-0.124,0.224,0.364,0.273,0.339,0.179,0.177,-0.629,0.100,0.795,-0.011,0.459,0.558,0.736,0.229,0.352,0.718,0.506,0.137,0.226,0.137,0.217,0.496,-0.011,0.295,0.048,0.383,0.331,0.532,0.050,-0.206,-0.034,0.009,0.024,-0.105,-0.254,-0.277,0.839,0.340,0.308,0.793,0.531,0.247,-0.038,-0.026,0.145,0.187,0.433,0.430,0.209,0.053,0.223,0.393,0.660,-0.016,0.538,0.083,0.499,0.056,1.883,0.109,0.069,0.193,0.396,0.322
2011-11-29 04:00:00,-0.009,-0.246,0.059,0.351,0.254,-0.143,0.060,-0.179,-0.232,-0.025,-0.308,-0.080,-0.186,-0.443,-0.190,-0.107,0.186,-0.442,0.128,1.321,0.043,-0.289,-0.387,-0.373,-0.689,-0.083,0.123,-0.726,-0.375,0.308,0.313,0.022,0.667,0.035,0.000,-0.148,0.195,0.239,0.319,0.302,0.117,0.120,-0.729,0.038,0.908,-0.172,0.516,0.540,0.880,0.142,0.330,0.701,0.484,0.159,0.250,0.164,0.266,1.221,-0.005,0.101,0.094,0.369,0.451,0.591,-0.082,-0.342,0.062,-0.110,-0.093,-0.258,-0.429,-0.274,0.853,0.391,0.279,0.578,0.583,0.275,-0.027,-0.050,0.104,0.187,0.514,0.531,0.265,-0.084,0.137,0.414,0.636,-0.031,0.605,0.099,0.554,0.093,1.744,0.083,0.146,0.167,0.305,0.397
2011-11-29 05:00:00,0.036,-0.119,0.070,0.384,0.134,-0.247,0.074,-0.242,-0.437,-0.028,-0.221,-0.150,-0.126,-0.477,-0.176,-0.135,0.185,-0.443,0.120,1.515,0.037,-0.339,-0.462,-0.235,-0.859,0.138,0.021,-0.717,-0.518,0.499,0.379,0.052,0.718,0.035,0.000,-0.152,0.178,0.180,0.293,0.261,0.122,0.049,-0.740,0.059,0.974,-0.163,0.563,0.558,0.848,0.191,0.391,0.687,0.584,0.218,0.275,0.212,0.413,1.388,0.107,0.242,0.056,0.435,0.525,0.356,0.084,-0.347,0.100,-0.066,-0.056,-0.244,-0.297,-0.292,0.807,0.426,0.366,0.676,0.545,0.273,-0.047,-0.073,0.140,0.172,0.454,0.550,0.223,-0.171,0.176,0.377,0.626,-0.051,0.707,0.078,0.595,0.100,1.583,0.079,0.236,0.173,0.233,-0.172
2011-11-29 06:00:00,0.232,-0.098,0.141,0.593,0.267,-0.283,0.018,-0.262,-0.585,-0.061,-0.303,-0.202,-0.136,-0.484,-0.162,-0.233,0.184,-0.330,0.155,1.518,0.032,-0.532,-0.514,-0.179,-0.844,0.252,0.289,-0.797,-0.337,0.585,0.592,0.030,0.646,0.102,0.000,-0.159,0.173,0.105,0.301,0.254,0.104,0.003,-0.728,0.075,0.880,-0.161,0.707,0.657,0.862,0.231,0.449,0.708,0.730,0.219,0.311,0.343,0.635,0.940,0.268,0.350,0.147,0.521,0.582,0.421,0.274,-0.394,0.268,-0.194,-0.032,-0.229,-0.324,-0.303,0.829,0.422,0.469,0.570,0.486,0.298,-0.038,-0.058,0.116,0.163,0.435,0.651,0.264,0.290,0.228,0.400,0.564,-0.058,0.728,0.113,0.376,0.146,1.286,0.007,0.346,0.256,0.275,-0.160
2011-11-29 07:00:00,0.278,-0.082,0.292,0.807,0.370,-0.148,0.107,-0.227,-0.588,-0.090,-0.290,-0.209,-0.121,-0.502,-0.047,-0.248,0.184,-0.334,0.154,1.968,0.041,-0.422,-0.404,-0.087,-0.594,0.216,0.357,-0.792,-0.324,0.669,0.746,-0.020,0.465,0.148,0.000,-0.067,0.151,0.103,0.301,0.246,0.128,-0.040,-0.728,0.135,0.832,-0.212,0.829,0.686,0.831,0.440,0.635,0.696,0.873,0.307,0.288,0.341,0.745,0.938,0.496,0.370,0.197,0.519,0.512,0.373,0.329,-0.317,0.421,-0.168,-0.008,-0.114,-0.613,-0.338,0.222,0.413,0.416,0.459,0.429,0.285,-0.045,-0.028,0.074,0.150,0.514,0.745,0.304,0.452,0.289,0.429,0.500,-0.077,0.671,0.130,0.575,0.250,1.049,-0.030,0.282,0.203,0.259,0.043
2011-11-29 08:00:00,0.453,-0.111,0.493,0.967,0.395,-0.192,0.205,-0.199,-0.375,-0.061,-0.192,-0.196,-0.026,-0.480,-0.018,-0.317,0.174,-0.192,0.109,1.926,0.066,-0.367,-0.278,-0.028,-0.327,0.257,0.670,-0.536,-0.145,0.807,0.782,0.055,0.530,0.282,0.000,0.025,0.155,0.095,0.325,0.321,0.209,-0.025,-0.633,0.379,0.912,-0.174,0.787,0.640,0.707,0.459,0.615,0.623,0.890,0.481,0.217,0.306,0.696,0.877,0.655,0.359,0.304,0.487,0.431,0.444,0.377,-0.188,0.543,-0.125,0.029,0.060,-0.264,-0.310,0.078,0.588,0.455,0.357,0.366,0.306,-0.032,0.012,0.099,0.154,0.543,0.875,0.366,0.690,0.327,0.479,0.637,-0.067,0.750,0.143,0.728,0.396,0.902,0.003,0.166,0.301,0.322,-0.153
2011-11-29 09:00:00,0.380,-0.053,0.800,1.168,0.473,-0.162,0.238,-0.145,-0.411,-0.033,-0.107,-0.161,0.009,-0.453,-0.065,-0.219,0.171,-0.156,0.088,1.907,0.068,-0.250,-0.116,-0.079,-0.145,0.163,0.977,-0.529,-0.011,1.015,0.794,0.032,0.617,0.485,0.000,0.090,0.143,0.174,0.303,0.300,0.248,0.045,-0.557,0.731,0.887,-0.144,0.753,0.595,0.667,0.501,0.614,0.593,0.904,0.561,0.191,0.270,0.626,0.550,0.717,0.409,0.318,0.380,0.382,0.491,0.391,-0.130,0.496,-0.120,0.118,0.104,-0.141,-0.255,0.078,0.689,0.391,0.194,0.406,0.280,-0.029,0.063,0.139,0.110,0.519,0.828,0.372,0.927,0.337,0.468,0.713,-0.007,0.771,0.111,0.667,0.473,0.966,0.053,0.090,0.364,0.379,-0.377
2011-11-29 10:00:00,0.368,0.037,0.841,1.147,0.367,-0.079,0.225,-0.150,-0.285,-0.082,0.027,-0.156,-0.017,-0.491,-0.115,-0.154,0.165,-0.139,0.069,1.790,0.081,-0.226,-0.167,-0.225,-0.089,0.132,0.760,-0.407,-0.175,1.089,0.536,-0.026,0.660,0.565,0.000,0.126,0.151,0.244,0.292,0.225,0.154,0.078,-0.485,1.054,0.810,-0.042,0.717,0.590,0.665,0.453,0.569,0.552,0.817,0.475,0.173,0.343,0.639,1.271,0.663,0.342,0.237,0.297,0.416,0.464,0.105,-0.162,0.504,0.054,0.082,0.171,-0.351,-0.166,0.069,0.633,0.578,0.204,0.298,0.269,-0.034,0.076,0.125,0.198,0.464,0.608,0.408,1.189,0.333,0.411,0.797,0.065,0.760,0.126,0.628,0.374,0.828,0.059,0.105,0.252,0.356,-0.416
2011-11-29 11:00:00,0.414,0.067,0.791,0.825,0.342,-0.073,0.305,-0.190,-0.041,-0.086,0.018,-0.096,0.129,-0.471,-0.108,-0.095,0.160,-0.011,0.067,1.805,0.078,-0.029,-0.096,-0.239,-0.044,0.467,1.402,-0.287,0.108,1.113,0.517,0.085,0.822,0.587,0.000,0.202,0.156,0.395,0.239,0.274,0.273,0.194,-0.449,1.039,0.796,0.012,0.731,0.586,0.678,0.415,0.537,0.563,0.626,0.321,0.139,0.283,0.727,0.860,0.357,0.184,0.330,0.282,0.398,0.412,0.112,-0.160,0.454,0.120,0.075,0.307,-0.214,-0.002,0.065,0.624,0.272,0.276,0.237,0.255,-0.054,0.211,0.146,0.338,0.462,0.582,0.399,1.414,0.366,0.432,0.933,0.104,0.761,0.130,0.663,0.278,0.742,0.025,0.118,0.328,0.301,-0.407
2011-11-29 12:00:00,0.340,0.113,0.607,0.604,0.420,-0.046,0.299,-0.202,-0.160,-0.089,-0.090,-0.128,0.090,-0.482,-0.131,-0.009,0.158,0.119,0.069,1.783,0.077,-0.165,-0.131,-0.283,0.007,0.851,1.408,-0.335,0.099,1.109,0.522,0.120,0.869,0.603,0.000,0.349,0.222,0.508,0.163,0.338,0.431,0.222,-0.362,0.747,0.740,0.026,0.765,0.599,0.553,0.447,0.452,0.578,0.577,0.214,0.114,0.209,0.677,0.494,0.123,0.276,0.365,0.305,0.303,0.403,0.230,-0.289,0.409,0.149,0.062,0.203,-0.108,0.096,0.064,0.689,0.278,0.269,0.278,0.261,-0.033,0.174,0.171,0.327,0.496,0.485,0.397,1.315,0.337,0.521,1.158,0.112,0.793,0.151,0.619,0.218,0.829,0.006,0.037,0.336,0.371,-0.321
2011-11-29 13:00:00,0.346,0.189,0.441,0.664,0.383,-0.036,0.250,-0.209,-0.230,-0.082,0.072,-0.137,0.060,-0.516,-0.084,-0.009,0.158,0.092,0.059,1.821,0.071,-0.133,-0.206,-0.271,-0.111,1.015,1.387,-0.191,0.104,1.005,0.535,0.144,1.032,0.708,0.000,0.419,0.253,0.649,0.202,0.386,0.586,0.314,-0.325,0.621,0.717,-0.015,0.801,0.672,0.471,0.487,0.431,0.641,0.593,0.194,0.159,0.204,0.552,1.084,-0.025,0.260,0.335,0.343,0.385,0.422,0.137,-0.272,0.452,0.214,0.165,0.170,0.014,0.381,0.051,0.749,0.221,0.314,0.375,0.305,-0.064,0.145,0.177,0.238,0.527,0.505,0.509,1.269,0.400,0.502,1.161,0.094,1.001,0.145,0.544,0.253,0.866,0.017,0.028,0.424,0.296,-0.092
2011-11-29 14:00:00,0.495,0.249,0.492,0.620,0.451,0.104,0.355,-0.162,-0.129,0.010,0.121,-0.086,0.084,-0.509,0.034,-0.006,0.149,0.237,0.058,1.886,0.085,0.361,-0.222,0.020,0.056,1.165,1.305,-0.244,0.321,1.019,0.774,0.298,1.052,0.865,0.000,0.402,0.306,0.702,0.235,0.449,0.893,0.369,-0.320,0.521,0.748,-0.025,0.810,0.677,0.364,0.605,0.323,0.682,0.643,0.196,0.219,0.205,0.637,0.720,0.024,0.217,0.363,0.448,0.472,0.453,0.302,-0.193,0.520,0.200,0.243,0.498,0.134,0.508,0.051,0.870,0.504,0.402,0.656,0.325,-0.022,0.156,0.178,0.221,0.539,0.506,0.512,1.427,0.567,0.532,1.375,0.053,1.013,0.179,0.623,0.344,1.161,0.097,0.019,0.455,0.373,0.051
2011-11-29 15:00:00,0.624,0.259,0.418,0.709,0.593,-0.042,0.450,-0.124,-0.037,0.029,0.050,-0.073,0.042,-0.465,0.045,0.040,0.146,0.285,0.062,1.968,0.080,0.422,-0.124,0.085,0.269,0.979,1.090,-0.446,0.251,1.064,0.844,0.350,1.129,1.042,0.000,0.468,0.367,0.726,0.263,0.541,1.051,0.393,-0.312,0.368,0.871,0.064,0.847,0.712,0.405,0.706,0.193,0.762,0.640,0.179,0.274,0.282,0.780,0.683,0.137,0.214,0.374,0.602,0.666,0.504,0.396,-0.189,0.593,0.171,0.284,0.454,-0.030,0.590,0.023,0.892,0.352,0.499,0.806,0.388,-0.004,0.217,0.198,0.351,0.660,0.613,0.584,1.321,0.711,0.582,1.315,-0.008,1.014,0.156,0.705,0.390,1.446,0.174,0.050,0.528,0.461,-0.031
2011-11-29 16:00:00,0.789,0.241,0.309,1.129,0.492,-0.000,0.450,-0.122,-0.127,0.150,-0.033,-0.053,0.006,-0.463,-0.013,0.026,0.158,0.256,0.080,2.032,0.059,0.458,-0.076,0.077,0.541,0.717,1.247,-0.374,0.237,1.280,0.888,0.395,1.208,1.083,0.000,0.421,0.369,0.677,0.285,0.625,1.234,0.405,-0.397,0.369,0.931,0.074,0.907,0.762,0.643,0.893,0.388,0.863,0.767,0.235,0.298,0.374,0.904,1.429,0.319,0.206,0.407,0.798,0.600,0.536,0.346,-0.151,0.564,0.262,0.201,0.437,0.161,0.671,0.063,0.882,0.207,0.629,0.942,0.402,0.005,0.297,0.179,0.458,0.754,0.615,0.601,1.062,0.774,0.740,1.260,-0.006,1.049,0.141,0.620,0.371,1.694,0.181,0.081,0.536,0.452,0.262
2011-11-29 17:00:00,0.966,0.222,0.214,1.445,0.616,0.068,0.453,-0.114,-0.204,0.251,-0.062,-0.050,0.091,-0.419,-0.021,0.033,0.180,0.229,0.117,2.113,0.078,0.541,0.162,0.215,0.648,0.792,0.614,-0.436,0.470,1.615,1.046,0.442,1.366,0.967,0.000,0.306,0.388,0.645,0.406,0.675,1.493,0.359,-0.444,0.693,0.963,0.174,0.996,0.831,0.977,1.183,0.504,0.980,0.868,0.250,0.343,0.480,1.002,1.525,0.570,0.276,0.305,0.881,0.591,0.509,1.078,-0.155,0.572,0.177,0.225,0.520,0.235,0.643,0.770,0.806,0.362,0.600,0.910,0.476,-0.001,0.483,0.143,0.488,0.664,0.707,0.605,0.832,0.964,0.872,1.259,-0.025,1.228,0.139,0.627,0.356,1.768,0.203,0.127,0.517,0.649,0.858
2011-11-29 18:00:00,1.178,0.246,0.236,1.726,0.775,0.096,0.566,-0.101,-0.394,0.261,-0.045,-0.092,0.094,-0.352,-0.046,-0.054,0.203,0.088,0.131,2.136,0.072,0.346,0.315,0.279,0.953,0.940,0.517,-0.561,0.489,1.718,0.853,0.464,1.494,0.960,0.000,0.270,0.429,0.738,0.496,0.694,1.643,0.308,-0.405,0.982,0.989,0.143,1.057,1.035,1.210,1.173,0.620,0.988,0.905,0.312,0.291,0.500,1.113,1.239,0.728,0.434,0.295,0.931,0.581,0.452,1.489,-0.204,0.577,0.159,0.344,0.548,-0.064,0.625,0.769,0.864,0.482,0.505,0.844,0.468,0.037,0.590,0.132,0.519,0.716,0.558,0.559,0.673,1.037,0.875,1.396,-0.007,1.390,0.119,0.802,0.359,1.808,0.316,0.195,0.586,0.901,0.646
2011-11-29 19:00:00,1.347,0.085,0.460,1.887,0.912,0.127,0.770,0.050,-0.203,0.290,-0.105,-0.029,0.196,-0.262,-0.052,-0.183,0.218,0.036,0.179,2.129,0.082,0.266,0.713,0.328,1.427,1.335,0.599,-0.319,0.905,1.506,0.841,0.654,1.646,0.963,0.000,0.373,0.442,0.883,0.495,0.791,1.602,0.288,-0.375,0.807,1.004,0.245,0.980,1.022,1.265,1.146,0.561,1.006,0.942,0.360,0.288,0.448,1.158,0.905,0.570,0.523,0.315,0.834,0.640,0.495,1.492,0.049,0.516,0.127,0.460,0.697,0.012,0.512,0.829,0.810,0.764,0.504,0.834,0.483,0.072,0.684,0.147,0.541,0.807,0.763,0.655,0.549,1.107,0.914,1.485,0.018,1.431,0.085,0.977,0.401,2.035,0.407,0.292,0.530,1.165,0.090
2011-11-29 20:00:00,1.243,0.038,0.618,1.925,0.975,0.323,0.830,0.145,0.040,0.296,0.023,0.007,0.186,-0.212,-0.151,-0.178,0.227,-0.181,0.225,1.879,0.085,0.458,1.005,0.285,1.725,1.224,0.582,-0.202,0.981,1.386,0.568,0.646,1.508,0.916,0.000,0.343,0.441,0.869,0.519,0.698,1.468,0.267,-0.378,0.573,1.023,0.488,0.822,0.886,1.090,1.097,0.576,1.034,0.973,0.449,0.270,0.391,1.128,0.537,0.496,0.395,0.335,0.664,0.657,0.587,0.953,0.092,0.384,0.072,0.455,0.770,0.128,0.298,0.841,0.742,0.584,0.484,0.662,0.505,0.111,0.598,0.192,0.552,0.812,0.812,0.685,0.417,1.123,0.863,1.401,0.086,1.189,0.089,0.921,0.410,2.128,0.470,0.340,0.528,1.221,-0.114
2011-11-29 21:00:00,0.976,0.002,0.639,1.670,0.711,0.096,0.650,0.087,0.291,0.168,0.033,0.073,0.017,-0.255,-0.298,-0.167,0.212,-0.407,0.192,1.333,0.075,0.471,0.659,-0.201,1.437,0.733,0.364,-0.054,0.472,0.939,0.376,0.556,1.280,0.706,0.000,0.236,0.400,0.740,0.600,0.499,1.236,0.363,-0.516,0.538,1.019,0.597,0.758,0.863,0.787,1.132,0.617,1.051,0.873,0.510,0.280,0.355,0.961,1.088,0.519,0.427,0.287,0.517,0.600,0.651,0.083,0.085,0.057,0.122,0.420,0.501,-0.092,0.103,0.854,0.679,0.570,0.243,0.533,0.481,0.131,0.480,0.227,0.472,0.527,0.857,0.543,0.275,1.066,0.812,1.357,0.119,1.119,0.070,0.695,0.393,2.098,0.453,0.389,0.513,0.952,-0.309
2011-11-29 22:00:00,0.716,-0.137,0.574,1.239,0.613,0.177,0.525,0.000,0.304,0.195,0.034,0.133,0.101,-0.294,-0.274,-0.149,0.208,-0.335,0.179,1.248,0.063,0.167,0.334,-0.537,0.665,0.704,0.266,0.000,0.313,0.671,0.349,0.494,1.047,0.419,0.000,-0.002,0.366,0.569,0.602,0.376,0.891,0.307,-0.719,0.508,1.016,0.517,0.608,0.818,0.534,1.044,0.421,0.967,0.673,0.435,0.224,0.250,0.781,1.208,0.268,0.360,0.150,0.340,0.315,0.633,-0.084,0.086,-0.109,0.163,0.417,0.342,-0.041,-0.042,0.888,0.561,0.617,0.037,0.370,0.451,0.109,0.384,0.271,0.396,0.363,0.676,0.400,0.218,0.990,0.762,1.326,0.141,0.946,0.086,0.641,0.303,2.025,0.353,0.174,0.435,0.552,-0.521
2011-11-29 23:00:00,0.587,-0.118,0.289,0.734,0.542,0.031,0.334,-0.163,-0.091,0.058,-0.191,0.054,0.049,-0.351,-0.381,-0.130,0.214,-0.326,0.171,1.075,0.045,-0.186,-0.110,-0.817,-0.027,0.607,0.309,-0.214,0.241,0.431,0.306,0.363,0.877,0.248,0.000,-0.000,0.349,0.424,0.458,0.398,0.554,0.340,-0.659,0.425,0.878,0.422,0.524,0.665,0.460,0.730,0.495,0.926,0.556,0.343,0.183,0.180,0.624,0.893,0.046,0.329,0.072,0.322,0.292,0.581,0.022,-0.249,-0.121,0.198,0.364,-0.145,-0.286,-0.216,0.873,0.416,0.695,0.041,0.264,0.303,0.068,0.267,0.254,0.290,0.378,0.515,0.365,-0.024,0.938,0.600,1.159,0.144,0.807,0.091,0.441,0.218,2.032,0.323,0.153,0.434,0.585,-0.521
2011-11-30 00:00:00,0.579,-0.265,0.202,0.372,0.320,0.128,0.389,-0.226,-0.232,0.017,-0.300,0.014,-0.109,-0.372,-0.157,-0.214,0.225,-0.294,0.166,1.111,0.042,-0.475,-0.310,-0.672,-0.474,0.533,0.316,-0.260,0.201,0.446,0.431,0.419,0.850,0.201,0.000,0.066,0.317,0.300,0.264,0.433,0.391,0.333,-0.588,0.326,0.894,0.312,0.382,0.507,0.589,0.500,0.431,0.862,0.468,0.263,0.202,0.140,0.434,0.809,-0.077,0.231,0.008,0.337,0.316,0.517,0.163,-0.361,-0.139,0.153,0.351,-0.399,-0.590,-0.220,0.870,0.393,0.410,0.017,0.178,0.229,0.070,0.179,0.208,0.183,0.385,0.613,0.300,-0.098,0.942,0.445,1.057,0.135,0.742,0.129,0.052,0.194,1.953,0.303,0.134,0.429,0.467,-0.624
2011-11-30 01:00:00,0.455,-0.404,0.126,0.319,0.502,0.081,0.307,-0.227,-0.171,-0.178,-0.407,0.017,-0.190,-0.436,-0.137,-0.199,0.216,-0.294,0.170,1.176,0.046,-0.532,-0.363,-0.550,-0.585,0.509,0.558,-0.337,0.159,0.316,0.365,0.438,0.671,0.219,0.000,0.128,0.323,0.278,0.232,0.417,0.329,0.323,-0.522,0.224,0.879,0.271,0.390,0.510,0.733,0.284,0.345,0.795,0.449,0.234,0.248,0.150,0.277,0.505,-0.044,0.192,-0.003,0.313,0.312,0.474,0.110,-0.333,-0.011,-0.031,0.259,-0.381,-0.275,-0.243,0.867,0.351,0.334,-0.034,0.216,0.215,0.052,0.105,0.217,0.177,0.299,0.627,0.195,-0.112,0.853,0.421,0.872,0.097,0.607,0.114,-0.024,0.230,1.910,0.234,0.168,0.377,0.432,-0.703
2011-11-30 02:00:00,0.466,-0.281,0.119,0.305,0.559,-0.152,0.337,-0.174,-0.067,-0.238,-0.427,0.014,-0.258,-0.463,-0.024,-0.145,0.205,-0.444,0.165,1.110,0.042,-0.013,-0.328,-0.402,-0.664,0.334,0.552,-0.298,-0.277,0.293,0.406,0.394,0.581,0.190,0.000,-0.156,0.290,0.222,0.243,0.274,0.167,0.282,-0.556,0.104,0.859,0.209,0.399,0.471,0.850,0.280,0.417,0.681,0.461,0.205,0.257,0.159,0.219,0.528,0.036,0.168,0.044,0.287,0.301,0.489,-0.179,-0.350,-0.035,-0.069,0.182,-0.354,-0.312,-0.203,0.881,0.371,0.353,-0.118,0.221,0.252,0.065,0.025,0.216,0.154,0.287,0.635,0.127,-0.073,0.759,0.404,0.697,0.046,0.572,0.123,-0.052,0.236,1.808,0.161,0.091,0.365,0.332,-0.526
2011-11-30 03:00:00,0.494,-0.252,0.210,0.243,0.531,-0.071,0.321,-0.218,-0.090,-0.025,-0.328,0.010,-0.227,-0.443,-0.019,-0.148,0.197,-0.362,0.154,1.087,0.047,0.135,-0.343,-0.335,-0.485,0.120,0.858,-0.207,-0.607,0.312,0.390,0.391,0.445,0.219,0.000,-0.372,0.235,0.179,0.225,0.276,0.135,0.200,-0.746,-0.044,0.823,0.073,0.439,0.472,0.810,0.213,0.201,0.598,0.526,0.184,0.253,0.140,0.208,0.909,0.132,0.167,0.076,0.267,0.299,0.403,-0.254,-0.178,-0.062,-0.136,0.168,-0.207,-0.608,-0.151,0.881,0.411,0.529,-0.085,0.241,0.270,0.054,-0.003,0.192,0.131,0.337,0.676,0.103,0.016,0.606,0.441,0.618,0.004,0.561,0.117,-0.139,0.245,1.694,0.140,0.055,0.367,0.085,0.159
2011-11-30 04:00:00,0.412,-0.111,0.055,0.417,0.277,-0.179,0.070,-0.310,-0.365,-0.102,-0.323,-0.066,-0.203,-0.508,-0.047,-0.063,0.196,-0.476,0.138,1.208,0.029,-0.137,-0.382,-0.340,-0.722,-0.107,0.930,-0.324,-0.640,0.358,0.432,0.293,0.389,0.280,0.000,-0.500,0.227,0.099,0.203,0.416,0.060,0.190,-0.774,-0.038,0.878,-0.083,0.523,0.562,0.735,0.214,0.397,0.546,0.572,0.197,0.307,0.142,0.231,0.677,0.225,0.211,0.097,0.307,0.324,0.302,-0.283,-0.268,0.015,-0.286,0.077,-0.385,-0.933,-0.230,0.858,0.382,0.435,0.050,0.313,0.261,0.012,0.026,0.142,0.132,0.378,0.865,0.140,0.103,0.557,0.445,0.482,-0.054,0.620,0.143,-0.032,0.235,1.622,0.049,0.076,0.271,0.068,0.503
2011-11-30 05:00:00,0.578,-0.061,0.215,0.462,0.370,-0.123,0.235,-0.297,-0.693,-0.143,-0.189,-0.149,-0.059,-0.478,-0.008,-0.158,0.207,-0.435,0.132,1.508,0.029,-0.076,-0.255,0.087,-0.807,0.325,0.924,-0.506,-0.542,0.532,0.630,0.422,0.365,0.366,0.000,-0.327,0.210,0.023,0.329,0.527,0.245,0.081,-0.694,0.033,0.948,-0.197,0.597,0.614,0.619,0.206,0.398,0.552,0.541,0.219,0.357,0.189,0.348,0.770,0.307,0.276,0.088,0.623,0.434,0.215,0.265,-0.302,0.249,-0.236,0.203,-0.250,-0.673,-0.130,0.799,0.328,0.217,0.040,0.457,0.272,0.022,0.028,0.095,0.196,0.470,0.855,0.265,0.265,0.487,0.513,0.443,-0.096,0.783,0.148,0.130,0.252,1.525,0.029,0.176,0.302,0.211,0.096
2011-11-30 06:00:00,0.650,-0.223,0.306,0.533,0.446,-0.044,0.175,-0.318,-0.743,-0.276,-0.407,-0.253,-0.137,-0.510,-0.029,-0.363,0.217,-0.384,0.113,1.744,0.036,-0.470,-0.120,0.133,-0.583,0.448,1.381,-0.516,-0.287,0.541,0.687,0.457,0.238,0.333,0.000,-0.085,0.224,-0.005,0.349,0.435,0.360,0.037,-0.660,0.198,0.909,-0.179,0.678,0.744,0.641,0.288,0.402,0.557,0.639,0.284,0.299,0.286,0.530,1.288,0.362,0.358,0.137,0.750,0.653,0.321,0.449,-0.350,0.580,-0.463,0.232,-0.232,-0.456,-0.095,0.822,0.439,0.211,-0.100,0.639,0.270,0.023,0.024,0.087,0.154,0.549,0.716,0.379,0.376,0.375,0.533,0.512,-0.128,0.884,0.243,0.188,0.339,1.525,0.040,0.248,0.269,0.289,-0.157
2011-11-30 07:00:00,0.437,-0.130,0.548,0.751,0.543,-0.128,0.092,-0.314,-0.465,-0.309,-0.262,-0.298,-0.125,-0.609,0.016,-0.357,0.206,-0.539,0.082,1.690,0.041,-0.156,-0.092,0.122,-0.436,0.496,1.265,-0.457,-0.243,0.498,0.554,0.443,0.083,0.321,0.000,-0.119,0.157,0.032,0.297,0.140,0.444,-0.029,-0.674,0.299,0.971,-0.233,0.822,0.911,0.801,0.459,0.536,0.676,0.822,0.398,0.226,0.339,0.705,0.972,0.328,0.386,0.173,0.801,0.557,0.432,0.063,-0.261,0.653,-0.487,0.262,-0.180,-0.513,-0.048,0.218,0.470,0.169,-0.034,0.596,0.267,0.003,-0.014,0.140,0.182,0.624,0.722,0.430,0.427,0.213,0.363,0.525,-0.142,1.045,0.264,0.162,0.432,1.313,-0.056,0.375,0.264,0.395,-0.202
2011-11-30 08:00:00,0.491,0.146,0.765,0.818,0.513,-0.136,0.156,-0.291,-0.270,-0.298,0.138,-0.286,-0.001,-0.629,0.026,-0.388,0.168,-0.391,0.045,1.536,0.044,0.147,-0.188,0.066,-0.291,0.544,1.391,-0.652,-0.244,0.471,0.282,0.479,0.043,0.335,0.000,-0.165,0.102,0.061,0.260,0.157,0.412,0.021,-0.746,0.446,0.905,-0.200,0.814,0.765,0.986,0.559,0.629,0.635,0.762,0.560,0.140,0.302,0.738,0.911,0.270,0.413,0.228,0.642,0.371,0.532,-0.128,-0.104,0.521,-0.364,0.328,-0.105,-0.218,-0.140,0.072,0.415,0.310,0.224,0.583,0.235,-0.022,-0.028,0.184,0.195,0.500,0.716,0.429,0.628,0.140,0.290,0.521,-0.126,0.907,0.245,0.195,0.367,1.196,-0.104,0.291,0.317,0.442,-0.436
2011-11-30 09:00:00,0.487,0.368,1.110,0.627,0.547,-0.054,0.330,-0.233,-0.352,-0.239,0.227,-0.199,0.039,-0.557,-0.026,-0.354,0.135,-0.043,0.042,1.816,0.058,0.028,-0.353,-0.100,-0.205,0.368,1.402,-0.655,0.118,0.554,0.179,0.347,0.078,0.396,0.000,-0.014,0.181,0.161,0.289,0.336,0.449,0.154,-0.632,0.802,0.953,-0.226,0.690,0.544,0.966,0.479,0.611,0.585,0.646,0.609,0.083,0.268,0.623,0.648,0.055,0.417,0.230,0.302,0.281,0.549,-0.064,0.067,0.538,-0.171,0.211,-0.044,0.022,-0.139,0.071,0.413,0.192,0.228,0.560,0.234,-0.028,-0.000,0.262,0.137,0.290,0.693,0.445,1.062,0.268,0.333,0.800,-0.081,0.854,0.214,0.296,0.369,1.084,-0.026,0.264,0.352,0.511,-0.418
2011-11-30 10:00:00,0.352,0.713,1.141,0.448,0.532,-0.030,0.376,-0.222,-0.461,-0.219,0.186,-0.140,-0.032,-0.575,-0.043,-0.197,0.128,0.257,0.053,1.972,0.068,-0.016,-0.341,-0.209,-0.490,0.201,0.817,-0.608,0.294,0.556,0.215,0.228,0.258,0.429,0.000,0.185,0.227,0.245,0.265,0.432,0.482,0.297,-0.529,1.131,0.862,-0.165,0.671,0.429,0.805,0.359,0.538,0.459,0.471,0.524,0.077,0.251,0.544,0.253,-0.074,0.287,0.200,0.064,0.353,0.581,0.099,0.051,0.437,0.209,0.134,-0.034,0.193,0.025,0.064,0.403,0.181,0.019,0.552,0.239,0.008,0.027,0.304,0.115,0.273,0.515,0.443,1.177,0.267,0.315,0.894,-0.048,0.857,0.236,0.533,0.317,1.034,0.004,0.212,0.418,0.659,-0.350
2011-11-30 11:00:00,0.433,0.947,0.975,0.397,0.486,0.121,0.467,-0.174,-0.509,-0.144,0.203,-0.119,0.041,-0.557,0.013,-0.004,0.126,0.476,0.053,2.028,0.069,0.134,-0.205,-0.119,-0.517,0.263,0.514,-0.453,0.462,0.681,0.367,0.173,0.188,0.503,0.000,0.472,0.285,0.404,0.163,0.436,0.483,0.442,-0.368,1.136,0.753,-0.198,0.591,0.338,0.528,0.289,0.499,0.420,0.496,0.357,0.103,0.208,0.602,0.637,-0.169,0.204,0.172,0.019,0.305,0.480,0.325,-0.089,0.421,0.433,0.203,-0.024,0.216,0.107,0.053,0.554,0.280,-0.083,0.477,0.234,0.008,-0.050,0.352,0.088,0.437,0.456,0.435,1.175,0.285,0.318,1.005,-0.029,0.874,0.275,0.721,0.278,0.983,-0.018,0.181,0.506,0.444,-0.330
2011-11-30 12:00:00,0.500,0.908,0.740,0.440,0.802,0.155,0.577,-0.130,-0.402,-0.128,0.191,-0.089,0.125,-0.538,0.191,0.110,0.140,0.738,0.051,2.171,0.085,0.403,-0.203,-0.048,-0.235,0.654,0.696,-0.345,0.582,0.901,0.526,0.196,0.218,0.559,0.000,0.550,0.398,0.535,0.142,0.382,0.454,0.589,-0.109,0.941,0.813,-0.131,0.646,0.352,0.239,0.268,0.465,0.513,0.453,0.249,0.095,0.212,0.647,0.932,-0.161,0.241,0.170,0.134,0.323,0.440,0.448,-0.156,0.425,0.478,0.333,0.068,0.345,0.215,0.050,0.700,0.444,-0.092,0.477,0.231,0.050,-0.097,0.452,0.076,0.360,0.346,0.426,1.178,0.279,0.336,1.126,-0.009,0.891,0.283,0.568,0.288,0.917,0.008,0.131,0.497,0.259,-0.192
2011-11-30 13:00:00,0.711,0.770,0.529,0.551,0.966,0.290,0.808,-0.030,-0.181,-0.099,0.439,-0.086,0.282,-0.494,0.311,0.218,0.131,0.714,0.051,2.300,0.083,0.917,-0.036,0.122,-0.028,1.049,0.763,0.148,0.590,1.248,0.571,0.312,0.456,0.691,0.000,0.727,0.483,0.653,0.250,0.450,0.628,0.621,0.139,0.775,0.609,0.139,0.753,0.456,0.178,0.255,0.441,0.568,0.487,0.239,0.106,0.254,0.627,0.646,-0.050,0.245,0.162,0.210,0.305,0.480,0.403,-0.032,0.348,0.539,0.451,0.298,0.601,0.279,0.042,0.853,0.458,-0.052,0.464,0.271,0.092,-0.040,0.546,0.036,0.268,0.378,0.419,1.138,0.371,0.358,1.304,0.034,0.952,0.217,0.505,0.381,0.875,0.080,0.134,0.598,0.184,0.097
2011-11-30 14:00:00,0.815,0.561,0.751,0.753,0.823,0.272,0.909,0.028,0.178,0.104,0.502,0.010,0.332,-0.465,0.280,0.256,0.127,0.742,0.046,2.337,0.080,1.353,-0.064,0.315,-0.148,1.022,1.313,0.365,0.646,1.345,0.544,0.404,0.750,0.740,0.000,0.910,0.509,0.675,0.313,0.525,0.948,0.686,0.279,0.607,0.610,0.321,0.761,0.508,0.103,0.325,0.389,0.603,0.518,0.267,0.125,0.280,0.534,0.597,0.076,0.298,0.193,0.265,0.310,0.412,0.340,0.062,0.427,0.449,0.498,0.411,0.823,0.387,0.045,0.909,0.474,-0.047,0.515,0.289,0.098,0.091,0.527,0.108,0.358,0.339,0.429,1.170,0.438,0.510,1.309,0.069,1.096,0.233,0.540,0.434,0.868,0.144,0.144,0.706,0.207,0.411
2011-11-30 15:00:00,0.826,0.764,0.861,0.931,0.929,0.344,0.994,0.104,0.331,0.295,0.567,0.033,0.197,-0.399,0.322,0.279,0.126,0.809,0.057,2.589,0.087,1.155,0.017,0.451,-0.289,1.350,0.915,0.394,0.499,1.609,0.503,0.458,1.037,0.847,0.000,1.081,0.613,0.675,0.308,0.780,1.182,0.713,0.289,0.575,0.782,0.336,0.772,0.502,0.271,0.349,0.323,0.640,0.543,0.250,0.171,0.290,0.502,0.802,0.160,0.282,0.197,0.261,0.363,0.484,0.644,0.112,0.411,0.349,0.674,0.620,0.596,0.542,0.028,1.002,0.597,-0.066,0.565,0.331,0.181,0.178,0.504,0.320,0.553,0.570,0.550,1.326,0.658,0.686,1.449,0.072,1.165,0.233,0.432,0.468,0.995,0.246,0.193,0.769,0.298,0.417
2011-11-30 16:00:00,1.153,0.736,0.692,1.188,1.096,0.278,1.018,0.067,0.095,0.467,0.337,0.046,0.097,-0.376,0.398,0.155,0.152,0.873,0.081,2.624,0.071,1.244,0.076,0.566,-0.162,1.509,1.016,0.663,0.407,1.793,0.398,0.513,1.190,0.970,0.000,0.957,0.666,0.699,0.398,0.946,1.329,0.739,0.146,0.583,0.716,0.263,0.804,0.621,0.646,0.575,0.373,0.654,0.645,0.254,0.214,0.373,0.567,0.873,0.278,0.324,0.235,0.322,0.536,0.460,1.087,0.067,0.735,0.415,0.844,0.691,0.445,0.696,0.087,1.051,0.685,-0.044,0.670,0.357,0.143,0.253,0.385,0.443,0.693,0.654,0.673,1.299,0.747,0.855,1.492,0.034,1.275,0.212,0.582,0.417,1.216,0.339,0.216,0.660,0.572,0.638
2011-11-30 17:00:00,1.427,0.731,0.651,1.579,1.191,0.253,1.263,0.043,0.049,0.656,0.124,0.061,0.208,-0.270,0.532,0.050,0.178,0.895,0.112,2.755,0.065,1.417,0.539,0.841,0.345,1.417,1.088,0.901,0.788,2.034,0.338,0.629,1.162,0.967,0.000,0.804,0.697,0.745,0.473,0.968,1.392,0.572,-0.046,0.841,0.838,0.327,0.944,0.811,1.006,0.960,0.456,0.774,0.652,0.269,0.266,0.418,0.591,1.256,0.480,0.392,0.234,0.543,0.614,0.468,1.911,0.109,0.832,0.293,0.989,0.826,0.504,0.771,0.765,1.026,0.817,-0.022,0.742,0.409,0.185,0.379,0.204,0.580,0.806,0.795,0.692,1.329,0.786,1.007,1.630,0.018,1.494,0.181,0.723,0.427,1.412,0.382,0.246,0.578,0.612,1.258
2011-11-30 18:00:00,1.435,0.565,0.545,1.856,1.236,0.291,1.113,0.037,-0.031,0.655,-0.044,-0.005,0.185,-0.233,0.367,-0.093,0.203,0.620,0.134,2.470,0.087,0.661,0.750,0.723,0.932,1.332,1.097,0.706,0.678,1.903,0.262,0.658,1.243,0.874,0.000,0.669,0.675,0.754,0.539,0.816,1.504,0.346,-0.127,1.027,0.947,0.426,1.049,0.997,1.212,1.065,0.582,0.835,0.806,0.344,0.276,0.436,0.683,1.201,0.572,0.590,0.275,0.766,0.620,0.505,1.919,0.098,0.587,0.129,0.925,0.681,0.499,0.707,0.770,0.947,0.740,-0.063,0.653,0.457,0.159,0.511,0.087,0.663,0.822,0.764,0.639,1.050,0.895,0.932,1.532,0.027,1.605,0.150,0.694,0.400,1.460,0.410,0.210,0.503,0.827,1.060
2011-11-30 19:00:00,1.334,0.295,0.410,1.789,1.074,0.222,1.167,0.096,-0.098,0.440,-0.007,0.006,0.255,-0.200,0.174,-0.119,0.212,0.143,0.160,2.295,0.087,0.503,1.226,0.604,1.502,1.198,0.885,0.531,0.992,1.550,0.260,0.749,1.424,0.850,0.000,0.522,0.644,0.758,0.486,0.750,1.479,0.207,-0.247,0.917,0.981,0.534,0.986,1.138,1.147,1.242,0.649,0.967,0.953,0.459,0.317,0.450,0.715,1.159,0.576,0.623,0.288,0.888,0.625,0.635,1.518,0.237,0.464,0.134,0.713,0.668,0.255,0.504,0.803,0.794,0.781,-0.071,0.671,0.493,0.151,0.615,0.026,0.710,0.881,0.851,0.693,0.837,1.034,0.918,1.602,0.046,1.312,0.104,0.637,0.442,1.572,0.514,0.217,0.399,1.013,0.406
2011-11-30 20:00:00,1.026,0.158,0.401,1.659,1.087,0.082,1.061,0.141,0.042,0.366,-0.131,0.042,0.152,-0.203,-0.058,-0.179,0.222,-0.145,0.186,1.982,0.097,0.357,1.348,0.302,1.802,0.854,0.441,0.360,0.774,1.190,0.271,0.610,1.375,0.738,0.000,0.434,0.589,0.773,0.468,0.776,1.356,0.117,-0.416,0.624,1.003,0.546,0.831,1.144,1.016,1.288,0.647,1.017,1.030,0.508,0.298,0.386,0.661,1.171,0.496,0.430,0.317,0.807,0.619,0.725,1.000,0.176,0.310,0.069,0.489,0.823,-0.041,0.354,0.836,0.697,0.724,0.010,0.584,0.513,0.179,0.608,0.068,0.683,0.564,0.945,0.744,0.724,1.245,0.929,1.509,0.078,1.056,0.074,0.901,0.392,1.501,0.505,0.218,0.373,1.075,0.008
2011-11-30 21:00:00,0.761,0.175,0.591,1.664,0.859,0.024,0.976,0.112,0.244,0.275,-0.010,0.069,0.111,-0.217,-0.165,-0.152,0.225,-0.460,0.191,1.567,0.078,0.229,1.237,-0.053,2.006,0.483,0.131,0.594,0.569,0.753,0.232,0.556,1.409,0.585,0.000,0.289,0.469,0.747,0.500,0.537,1.170,0.088,-0.655,0.676,1.066,0.552,0.722,0.998,0.885,1.383,0.655,1.047,0.925,0.538,0.315,0.344,0.628,0.837,0.603,0.501,0.339,0.770,0.561,0.910,0.383,0.207,0.113,0.160,0.377,0.665,-0.151,0.324,0.863,0.637,0.643,0.043,0.427,0.470,0.188,0.553,0.052,0.605,0.467,1.089,0.468,0.598,1.326,0.864,1.495,0.120,0.837,0.031,0.970,0.364,1.453,0.482,0.234,0.257,1.034,-0.241
2011-11-30 22:00:00,0.539,0.264,0.638,1.249,0.765,0.063,0.872,0.039,0.265,0.343,-0.071,0.118,0.091,-0.222,-0.095,-0.176,0.220,-0.375,0.192,1.413,0.076,-0.042,0.961,-0.305,1.479,0.622,0.279,0.587,0.599,0.624,0.244,0.498,1.492,0.400,0.000,0.197,0.413,0.635,0.534,0.391,0.803,0.120,-0.739,0.651,1.085,0.552,0.577,0.832,0.804,1.279,0.627,0.987,0.636,0.491,0.256,0.281,0.520,0.907,0.599,0.354,0.324,0.561,0.416,0.840,0.249,0.085,0.060,0.126,0.295,0.503,0.016,0.168,0.850,0.558,0.537,0.092,0.250,0.396,0.164,0.520,0.058,0.570,0.382,1.090,0.319,0.320,1.307,0.721,1.530,0.150,0.712,0.027,0.784,0.198,1.343,0.463,0.132,0.174,1.105,-0.420
2011-11-30 23:00:00,0.266,0.078,0.550,0.743,0.797,-0.042,0.816,-0.029,-0.010,0.190,-0.210,0.107,0.119,-0.224,-0.145,-0.139,0.235,-0.507,0.187,1.166,0.055,-0.216,0.746,-0.458,0.932,0.688,0.318,0.336,0.661,0.476,0.233,0.360,1.511,0.219,0.000,0.053,0.356,0.442,0.442,0.347,0.513,0.135,-0.704,0.666,1.003,0.425,0.499,0.734,0.720,1.019,0.581,0.925,0.439,0.398,0.232,0.209,0.513,0.788,0.485,0.323,0.288,0.394,0.363,0.739,0.165,-0.066,-0.111,0.154,0.221,0.178,-0.288,0.036,0.859,0.432,0.525,0.144,0.160,0.313,0.190,0.459,0.068,0.496,0.392,1.001,0.337,0.236,1.094,0.507,1.527,0.178,0.602,0.032,0.654,0.214,1.217,0.393,0.085,0.144,0.870,-0.620
